KMatrixSpace(GF(2), 2, 9) ! Matrix(GF(2), 2, 9, \[ 1, 0, 0, 0, 0, 0, 0, 0, 0, 0,
1, 0, 0, 0, 0, 0, 0, 0 ])
KMatrixSpace(GF(2), 2, 9) ! Matrix(GF(2), 2, 9, \[ 1, 0, 0, 0, 0, 0, 0, 0, 0, 0,
1, 1, 0, 0, 0, 0, 0, 0 ])
KMatrixSpace(GF(2), 2, 9) ! Matrix(GF(2), 2, 9, \[ 1, 0, 0, 0, 0, 0, 0, 0, 0, 0,
1, 1, 1, 0, 0, 0, 0, 0 ])
KMatrixSpace(GF(2), 2, 9) ! Matrix(GF(2), 2, 9, \[ 1, 0, 0, 0, 0, 0, 0, 0, 0, 0,
1, 1, 1, 1, 0, 0, 0, 0 ])
KMatrixSpace(GF(2), 2, 9) ! Matrix(GF(2), 2, 9, \[ 1, 0, 0, 0, 0, 0, 0, 0, 0, 0,
1, 1, 1, 1, 1, 0, 0, 0 ])
KMatrixSpace(GF(2), 2, 9) ! Matrix(GF(2), 2, 9, \[ 1, 0, 0, 0, 0, 0, 0, 0, 0, 0,
1, 1, 1, 1, 1, 1, 0, 0 ])
KMatrixSpace(GF(2), 2, 9) ! Matrix(GF(2), 2, 9, \[ 1, 0, 0, 0, 0, 0, 0, 0, 0, 0,
1, 1, 1, 1, 1, 1, 1, 0 ])
KMatrixSpace(GF(2), 2, 9) ! Matrix(GF(2), 2, 9, \[ 1, 0, 0, 0, 0, 0, 0, 0, 0, 0,
1, 1, 1, 1, 1, 1, 1, 1 ])
KMatrixSpace(GF(2), 2, 9) ! Matrix(GF(2), 2, 9, \[ 1, 0, 1, 0, 0, 0, 0, 0, 0, 0,
1, 1, 0, 0, 0, 0, 0, 0 ])
KMatrixSpace(GF(2), 2, 9) ! Matrix(GF(2), 2, 9, \[ 1, 1, 0, 0, 0, 0, 0, 0, 0, 0,
0, 1, 1, 0, 0, 0, 0, 0 ])
KMatrixSpace(GF(2), 2, 9) ! Matrix(GF(2), 2, 9, \[ 1, 0, 1, 1, 0, 0, 0, 0, 0, 0,
1, 1, 1, 0, 0, 0, 0, 0 ])
KMatrixSpace(GF(2), 2, 9) ! Matrix(GF(2), 2, 9, \[ 1, 1, 0, 0, 0, 0, 0, 0, 0, 0,
0, 1, 1, 1, 0, 0, 0, 0 ])
KMatrixSpace(GF(2), 2, 9) ! Matrix(GF(2), 2, 9, \[ 1, 0, 1, 1, 1, 0, 0, 0, 0, 0,
1, 1, 1, 1, 0, 0, 0, 0 ])
KMatrixSpace(GF(2), 2, 9) ! Matrix(GF(2), 2, 9, \[ 1, 1, 0, 0, 0, 0, 0, 0, 0, 0,
0, 1, 1, 1, 1, 0, 0, 0 ])
KMatrixSpace(GF(2), 2, 9) ! Matrix(GF(2), 2, 9, \[ 1, 0, 1, 1, 1, 1, 0, 0, 0, 0,
1, 1, 1, 1, 1, 0, 0, 0 ])
KMatrixSpace(GF(2), 2, 9) ! Matrix(GF(2), 2, 9, \[ 1, 1, 0, 0, 0, 0, 0, 0, 0, 0,
0, 1, 1, 1, 1, 1, 0, 0 ])
KMatrixSpace(GF(2), 2, 9) ! Matrix(GF(2), 2, 9, \[ 1, 0, 1, 1, 1, 1, 1, 0, 0, 0,
1, 1, 1, 1, 1, 1, 0, 0 ])
KMatrixSpace(GF(2), 2, 9) ! Matrix(GF(2), 2, 9, \[ 1, 1, 0, 0, 0, 0, 0, 0, 0, 0,
0, 1, 1, 1, 1, 1, 1, 0 ])
KMatrixSpace(GF(2), 2, 9) ! Matrix(GF(2), 2, 9, \[ 1, 0, 1, 1, 1, 1, 1, 1, 0, 0,
1, 1, 1, 1, 1, 1, 1, 0 ])
KMatrixSpace(GF(2), 2, 9) ! Matrix(GF(2), 2, 9, \[ 1, 1, 0, 0, 0, 0, 0, 0, 0, 0,
0, 1, 1, 1, 1, 1, 1, 1 ])
KMatrixSpace(GF(2), 2, 9) ! Matrix(GF(2), 2, 9, \[ 1, 0, 1, 1, 1, 1, 1, 1, 1, 0,
1, 1, 1, 1, 1, 1, 1, 1 ])
KMatrixSpace(GF(2), 2, 9) ! Matrix(GF(2), 2, 9, \[ 1, 0, 0, 1, 1, 0, 0, 0, 0, 0,
1, 1, 1, 1, 0, 0, 0, 0 ])
KMatrixSpace(GF(2), 2, 9) ! Matrix(GF(2), 2, 9, \[ 1, 1, 1, 0, 0, 0, 0, 0, 0, 0,
0, 0, 1, 1, 1, 0, 0, 0 ])
KMatrixSpace(GF(2), 2, 9) ! Matrix(GF(2), 2, 9, \[ 1, 0, 0, 1, 1, 1, 0, 0, 0, 0,
1, 1, 1, 1, 1, 0, 0, 0 ])
KMatrixSpace(GF(2), 2, 9) ! Matrix(GF(2), 2, 9, \[ 1, 1, 1, 0, 0, 0, 0, 0, 0, 0,
0, 0, 1, 1, 1, 1, 0, 0 ])
KMatrixSpace(GF(2), 2, 9) ! Matrix(GF(2), 2, 9, \[ 1, 0, 0, 1, 1, 1, 1, 0, 0, 0,
1, 1, 1, 1, 1, 1, 0, 0 ])
KMatrixSpace(GF(2), 2, 9) ! Matrix(GF(2), 2, 9, \[ 1, 1, 1, 0, 0, 0, 0, 0, 0, 0,
0, 0, 1, 1, 1, 1, 1, 0 ])
KMatrixSpace(GF(2), 2, 9) ! Matrix(GF(2), 2, 9, \[ 1, 0, 0, 1, 1, 1, 1, 1, 0, 0,
1, 1, 1, 1, 1, 1, 1, 0 ])
KMatrixSpace(GF(2), 2, 9) ! Matrix(GF(2), 2, 9, \[ 1, 1, 1, 0, 0, 0, 0, 0, 0, 0,
0, 0, 1, 1, 1, 1, 1, 1 ])
KMatrixSpace(GF(2), 2, 9) ! Matrix(GF(2), 2, 9, \[ 1, 0, 0, 1, 1, 1, 1, 1, 1, 0,
1, 1, 1, 1, 1, 1, 1, 1 ])
KMatrixSpace(GF(2), 2, 9) ! Matrix(GF(2), 2, 9, \[ 1, 1, 0, 0, 1, 1, 0, 0, 0, 0,
0, 1, 1, 1, 1, 0, 0, 0 ])
KMatrixSpace(GF(2), 2, 9) ! Matrix(GF(2), 2, 9, \[ 1, 0, 0, 0, 1, 1, 1, 0, 0, 0,
1, 1, 1, 1, 1, 1, 0, 0 ])
KMatrixSpace(GF(2), 2, 9) ! Matrix(GF(2), 2, 9, \[ 1, 1, 0, 0, 1, 1, 1, 0, 0, 0,
0, 1, 1, 1, 1, 1, 0, 0 ])
KMatrixSpace(GF(2), 2, 9) ! Matrix(GF(2), 2, 9, \[ 1, 1, 1, 1, 0, 0, 0, 0, 0, 0,
0, 0, 0, 1, 1, 1, 1, 0 ])
KMatrixSpace(GF(2), 2, 9) ! Matrix(GF(2), 2, 9, \[ 1, 0, 0, 0, 1, 1, 1, 1, 0, 0,
1, 1, 1, 1, 1, 1, 1, 0 ])
KMatrixSpace(GF(2), 2, 9) ! Matrix(GF(2), 2, 9, \[ 1, 1, 0, 0, 1, 1, 1, 1, 0, 0,
0, 1, 1, 1, 1, 1, 1, 0 ])
KMatrixSpace(GF(2), 2, 9) ! Matrix(GF(2), 2, 9, \[ 1, 1, 1, 1, 0, 0, 0, 0, 0, 0,
0, 0, 0, 1, 1, 1, 1, 1 ])
KMatrixSpace(GF(2), 2, 9) ! Matrix(GF(2), 2, 9, \[ 1, 0, 0, 0, 1, 1, 1, 1, 1, 0,
1, 1, 1, 1, 1, 1, 1, 1 ])
KMatrixSpace(GF(2), 2, 9) ! Matrix(GF(2), 2, 9, \[ 1, 1, 0, 0, 1, 1, 1, 1, 1, 0,
0, 1, 1, 1, 1, 1, 1, 1 ])
KMatrixSpace(GF(2), 2, 9) ! Matrix(GF(2), 2, 9, \[ 1, 1, 0, 0, 0, 1, 1, 1, 0, 0,
0, 1, 1, 1, 1, 1, 1, 0 ])
KMatrixSpace(GF(2), 2, 9) ! Matrix(GF(2), 2, 9, \[ 1, 0, 0, 0, 0, 1, 1, 1, 1, 0,
1, 1, 1, 1, 1, 1, 1, 1 ])
KMatrixSpace(GF(2), 2, 9) ! Matrix(GF(2), 2, 9, \[ 1, 1, 0, 0, 0, 1, 1, 1, 1, 0,
0, 1, 1, 1, 1, 1, 1, 1 ])
KMatrixSpace(GF(2), 2, 9) ! Matrix(GF(2), 2, 9, \[ 1, 1, 1, 0, 0, 0, 1, 1, 1, 0,
0, 0, 1, 1, 1, 1, 1, 1 ])
\[ 9, 2 ]
[ KMatrixSpace(GF(2), 2, 9) |
    [ GF(2) | 1, 0, 0, 0, 0, 0, 0, 0, 0, 0, 1, 0, 0, 0, 0, 0, 0, 0 ],

    [ GF(2) | 1, 0, 0, 0, 0, 0, 0, 0, 0, 0, 1, 1, 0, 0, 0, 0, 0, 0 ],

    [ GF(2) | 1, 0, 0, 0, 0, 0, 0, 0, 0, 0, 1, 1, 1, 0, 0, 0, 0, 0 ],

    [ GF(2) | 1, 0, 0, 0, 0, 0, 0, 0, 0, 0, 1, 1, 1, 1, 0, 0, 0, 0 ],

    [ GF(2) | 1, 0, 0, 0, 0, 0, 0, 0, 0, 0, 1, 1, 1, 1, 1, 0, 0, 0 ],

    [ GF(2) | 1, 0, 0, 0, 0, 0, 0, 0, 0, 0, 1, 1, 1, 1, 1, 1, 0, 0 ],

    [ GF(2) | 1, 0, 0, 0, 0, 0, 0, 0, 0, 0, 1, 1, 1, 1, 1, 1, 1, 0 ],

    [ GF(2) | 1, 0, 0, 0, 0, 0, 0, 0, 0, 0, 1, 1, 1, 1, 1, 1, 1, 1 ],

    [ GF(2) | 1, 0, 1, 0, 0, 0, 0, 0, 0, 0, 1, 1, 0, 0, 0, 0, 0, 0 ],

    [ GF(2) | 1, 1, 0, 0, 0, 0, 0, 0, 0, 0, 0, 1, 1, 0, 0, 0, 0, 0 ],

    [ GF(2) | 1, 0, 1, 1, 0, 0, 0, 0, 0, 0, 1, 1, 1, 0, 0, 0, 0, 0 ],

    [ GF(2) | 1, 1, 0, 0, 0, 0, 0, 0, 0, 0, 0, 1, 1, 1, 0, 0, 0, 0 ],

    [ GF(2) | 1, 0, 1, 1, 1, 0, 0, 0, 0, 0, 1, 1, 1, 1, 0, 0, 0, 0 ],

    [ GF(2) | 1, 1, 0, 0, 0, 0, 0, 0, 0, 0, 0, 1, 1, 1, 1, 0, 0, 0 ],

    [ GF(2) | 1, 0, 1, 1, 1, 1, 0, 0, 0, 0, 1, 1, 1, 1, 1, 0, 0, 0 ],

    [ GF(2) | 1, 1, 0, 0, 0, 0, 0, 0, 0, 0, 0, 1, 1, 1, 1, 1, 0, 0 ],

    [ GF(2) | 1, 0, 1, 1, 1, 1, 1, 0, 0, 0, 1, 1, 1, 1, 1, 1, 0, 0 ],

    [ GF(2) | 1, 1, 0, 0, 0, 0, 0, 0, 0, 0, 0, 1, 1, 1, 1, 1, 1, 0 ],

    [ GF(2) | 1, 0, 1, 1, 1, 1, 1, 1, 0, 0, 1, 1, 1, 1, 1, 1, 1, 0 ],

    [ GF(2) | 1, 1, 0, 0, 0, 0, 0, 0, 0, 0, 0, 1, 1, 1, 1, 1, 1, 1 ],

    [ GF(2) | 1, 0, 1, 1, 1, 1, 1, 1, 1, 0, 1, 1, 1, 1, 1, 1, 1, 1 ],

    [ GF(2) | 1, 0, 0, 1, 1, 0, 0, 0, 0, 0, 1, 1, 1, 1, 0, 0, 0, 0 ],

    [ GF(2) | 1, 1, 1, 0, 0, 0, 0, 0, 0, 0, 0, 0, 1, 1, 1, 0, 0, 0 ],

    [ GF(2) | 1, 0, 0, 1, 1, 1, 0, 0, 0, 0, 1, 1, 1, 1, 1, 0, 0, 0 ],

    [ GF(2) | 1, 1, 1, 0, 0, 0, 0, 0, 0, 0, 0, 0, 1, 1, 1, 1, 0, 0 ],

    [ GF(2) | 1, 0, 0, 1, 1, 1, 1, 0, 0, 0, 1, 1, 1, 1, 1, 1, 0, 0 ],

    [ GF(2) | 1, 1, 1, 0, 0, 0, 0, 0, 0, 0, 0, 0, 1, 1, 1, 1, 1, 0 ],

    [ GF(2) | 1, 0, 0, 1, 1, 1, 1, 1, 0, 0, 1, 1, 1, 1, 1, 1, 1, 0 ],

    [ GF(2) | 1, 1, 1, 0, 0, 0, 0, 0, 0, 0, 0, 0, 1, 1, 1, 1, 1, 1 ],

    [ GF(2) | 1, 0, 0, 1, 1, 1, 1, 1, 1, 0, 1, 1, 1, 1, 1, 1, 1, 1 ],

    [ GF(2) | 1, 1, 0, 0, 1, 1, 0, 0, 0, 0, 0, 1, 1, 1, 1, 0, 0, 0 ],

    [ GF(2) | 1, 0, 0, 0, 1, 1, 1, 0, 0, 0, 1, 1, 1, 1, 1, 1, 0, 0 ],

    [ GF(2) | 1, 1, 0, 0, 1, 1, 1, 0, 0, 0, 0, 1, 1, 1, 1, 1, 0, 0 ],

    [ GF(2) | 1, 1, 1, 1, 0, 0, 0, 0, 0, 0, 0, 0, 0, 1, 1, 1, 1, 0 ],

    [ GF(2) | 1, 0, 0, 0, 1, 1, 1, 1, 0, 0, 1, 1, 1, 1, 1, 1, 1, 0 ],

    [ GF(2) | 1, 1, 0, 0, 1, 1, 1, 1, 0, 0, 0, 1, 1, 1, 1, 1, 1, 0 ],

    [ GF(2) | 1, 1, 1, 1, 0, 0, 0, 0, 0, 0, 0, 0, 0, 1, 1, 1, 1, 1 ],

    [ GF(2) | 1, 0, 0, 0, 1, 1, 1, 1, 1, 0, 1, 1, 1, 1, 1, 1, 1, 1 ],

    [ GF(2) | 1, 1, 0, 0, 1, 1, 1, 1, 1, 0, 0, 1, 1, 1, 1, 1, 1, 1 ],

    [ GF(2) | 1, 1, 0, 0, 0, 1, 1, 1, 0, 0, 0, 1, 1, 1, 1, 1, 1, 0 ],

    [ GF(2) | 1, 0, 0, 0, 0, 1, 1, 1, 1, 0, 1, 1, 1, 1, 1, 1, 1, 1 ],

    [ GF(2) | 1, 1, 0, 0, 0, 1, 1, 1, 1, 0, 0, 1, 1, 1, 1, 1, 1, 1 ],

    [ GF(2) | 1, 1, 1, 0, 0, 0, 1, 1, 1, 0, 0, 0, 1, 1, 1, 1, 1, 1 ]
]
