RMatrixSpace(IntegerRing(), 2, 9) ! Matrix(2, 9, \[ 2, 1, 0, 0, 0, 0, 0, 0, 0, 
0, 1, 0, 0, 0, 0, 0, 0, 0 ])
RMatrixSpace(IntegerRing(), 2, 9) ! Matrix(2, 9, \[ 1, 1, 1, 0, 0, 0, 0, 0, 0, 
0, 0, 1, 0, 0, 0, 0, 0, 0 ])
RMatrixSpace(IntegerRing(), 2, 9) ! Matrix(2, 9, \[ 1, 0, 1, 1, 0, 0, 0, 0, 0, 
0, 0, 0, 1, 0, 0, 0, 0, 0 ])
RMatrixSpace(IntegerRing(), 2, 9) ! Matrix(2, 9, \[ 1, 0, 0, 1, 1, 0, 0, 0, 0, 
0, 0, 0, 0, 1, 0, 0, 0, 0 ])
RMatrixSpace(IntegerRing(), 2, 9) ! Matrix(2, 9, \[ 1, 0, 0, 0, 1, 1, 0, 0, 0, 
0, 0, 0, 0, 0, 1, 0, 0, 0 ])
RMatrixSpace(IntegerRing(), 2, 9) ! Matrix(2, 9, \[ 1, 0, 0, 0, 0, 1, 1, 0, 0, 
0, 0, 0, 0, 0, 0, 1, 0, 0 ])
RMatrixSpace(IntegerRing(), 2, 9) ! Matrix(2, 9, \[ 1, 0, 0, 0, 0, 0, 1, 1, 0, 
0, 0, 0, 0, 0, 0, 0, 1, 0 ])
RMatrixSpace(IntegerRing(), 2, 9) ! Matrix(2, 9, \[ 1, 0, 0, 0, 0, 0, 0, 1, 1, 
0, 0, 0, 0, 0, 0, 0, 0, 1 ])
RMatrixSpace(IntegerRing(), 2, 9) ! Matrix(2, 9, \[ 0, 3, 0, 0, 0, 0, 0, 0, 0, 
0, 0, 1, 0, 0, 0, 0, 0, 0 ])
RMatrixSpace(IntegerRing(), 2, 9) ! Matrix(2, 9, \[ 0, 2, 0, 1, 0, 0, 0, 0, 0, 
0, 0, 0, 1, 0, 0, 0, 0, 0 ])
RMatrixSpace(IntegerRing(), 2, 9) ! Matrix(2, 9, \[ 0, 1, 2, 0, 0, 0, 0, 0, 0, 
0, 0, 0, 1, 0, 0, 0, 0, 0 ])
RMatrixSpace(IntegerRing(), 2, 9) ! Matrix(2, 9, \[ 0, 1, 1, 0, 1, 0, 0, 0, 0, 
0, 0, 0, 0, 1, 0, 0, 0, 0 ])
RMatrixSpace(IntegerRing(), 2, 9) ! Matrix(2, 9, \[ 0, 1, 0, 2, 0, 0, 0, 0, 0, 
0, 0, 0, 0, 1, 0, 0, 0, 0 ])
RMatrixSpace(IntegerRing(), 2, 9) ! Matrix(2, 9, \[ 0, 1, 0, 1, 0, 1, 0, 0, 0, 
0, 0, 0, 0, 0, 1, 0, 0, 0 ])
RMatrixSpace(IntegerRing(), 2, 9) ! Matrix(2, 9, \[ 0, 1, 0, 0, 2, 0, 0, 0, 0, 
0, 0, 0, 0, 0, 1, 0, 0, 0 ])
RMatrixSpace(IntegerRing(), 2, 9) ! Matrix(2, 9, \[ 0, 1, 0, 0, 1, 0, 1, 0, 0, 
0, 0, 0, 0, 0, 0, 1, 0, 0 ])
RMatrixSpace(IntegerRing(), 2, 9) ! Matrix(2, 9, \[ 0, 1, 0, 0, 0, 2, 0, 0, 0, 
0, 0, 0, 0, 0, 0, 1, 0, 0 ])
RMatrixSpace(IntegerRing(), 2, 9) ! Matrix(2, 9, \[ 0, 1, 0, 0, 0, 1, 0, 1, 0, 
0, 0, 0, 0, 0, 0, 0, 1, 0 ])
RMatrixSpace(IntegerRing(), 2, 9) ! Matrix(2, 9, \[ 0, 1, 0, 0, 0, 0, 2, 0, 0, 
0, 0, 0, 0, 0, 0, 0, 1, 0 ])
RMatrixSpace(IntegerRing(), 2, 9) ! Matrix(2, 9, \[ 0, 1, 0, 0, 0, 0, 1, 0, 1, 
0, 0, 0, 0, 0, 0, 0, 0, 1 ])
RMatrixSpace(IntegerRing(), 2, 9) ! Matrix(2, 9, \[ 0, 1, 0, 0, 0, 0, 0, 2, 0, 
0, 0, 0, 0, 0, 0, 0, 0, 1 ])
RMatrixSpace(IntegerRing(), 2, 9) ! Matrix(2, 9, \[ 0, 0, 2, 1, 0, 0, 0, 0, 0, 
0, 0, 0, 0, 1, 0, 0, 0, 0 ])
RMatrixSpace(IntegerRing(), 2, 9) ! Matrix(2, 9, \[ 0, 0, 2, 0, 0, 1, 0, 0, 0, 
0, 0, 0, 0, 0, 1, 0, 0, 0 ])
RMatrixSpace(IntegerRing(), 2, 9) ! Matrix(2, 9, \[ 0, 0, 1, 1, 1, 0, 0, 0, 0, 
0, 0, 0, 0, 0, 1, 0, 0, 0 ])
RMatrixSpace(IntegerRing(), 2, 9) ! Matrix(2, 9, \[ 0, 0, 1, 1, 0, 0, 1, 0, 0, 
0, 0, 0, 0, 0, 0, 1, 0, 0 ])
RMatrixSpace(IntegerRing(), 2, 9) ! Matrix(2, 9, \[ 0, 0, 1, 0, 1, 1, 0, 0, 0, 
0, 0, 0, 0, 0, 0, 1, 0, 0 ])
RMatrixSpace(IntegerRing(), 2, 9) ! Matrix(2, 9, \[ 0, 0, 1, 0, 1, 0, 0, 1, 0, 
0, 0, 0, 0, 0, 0, 0, 1, 0 ])
RMatrixSpace(IntegerRing(), 2, 9) ! Matrix(2, 9, \[ 0, 0, 1, 0, 0, 1, 1, 0, 0, 
0, 0, 0, 0, 0, 0, 0, 1, 0 ])
RMatrixSpace(IntegerRing(), 2, 9) ! Matrix(2, 9, \[ 0, 0, 1, 0, 0, 1, 0, 0, 1, 
0, 0, 0, 0, 0, 0, 0, 0, 1 ])
RMatrixSpace(IntegerRing(), 2, 9) ! Matrix(2, 9, \[ 0, 0, 1, 0, 0, 0, 1, 1, 0, 
0, 0, 0, 0, 0, 0, 0, 0, 1 ])
RMatrixSpace(IntegerRing(), 2, 9) ! Matrix(2, 9, \[ 0, 0, 0, 3, 0, 0, 0, 0, 0, 
0, 0, 0, 0, 0, 1, 0, 0, 0 ])
RMatrixSpace(IntegerRing(), 2, 9) ! Matrix(2, 9, \[ 0, 0, 0, 2, 0, 1, 0, 0, 0, 
0, 0, 0, 0, 0, 0, 1, 0, 0 ])
RMatrixSpace(IntegerRing(), 2, 9) ! Matrix(2, 9, \[ 0, 0, 0, 1, 2, 0, 0, 0, 0, 
0, 0, 0, 0, 0, 0, 1, 0, 0 ])
RMatrixSpace(IntegerRing(), 2, 9) ! Matrix(2, 9, \[ 0, 0, 0, 2, 0, 0, 0, 1, 0, 
0, 0, 0, 0, 0, 0, 0, 1, 0 ])
RMatrixSpace(IntegerRing(), 2, 9) ! Matrix(2, 9, \[ 0, 0, 0, 1, 1, 0, 1, 0, 0, 
0, 0, 0, 0, 0, 0, 0, 1, 0 ])
RMatrixSpace(IntegerRing(), 2, 9) ! Matrix(2, 9, \[ 0, 0, 0, 1, 0, 2, 0, 0, 0, 
0, 0, 0, 0, 0, 0, 0, 1, 0 ])
RMatrixSpace(IntegerRing(), 2, 9) ! Matrix(2, 9, \[ 0, 0, 0, 1, 1, 0, 0, 0, 1, 
0, 0, 0, 0, 0, 0, 0, 0, 1 ])
RMatrixSpace(IntegerRing(), 2, 9) ! Matrix(2, 9, \[ 0, 0, 0, 1, 0, 1, 0, 1, 0, 
0, 0, 0, 0, 0, 0, 0, 0, 1 ])
RMatrixSpace(IntegerRing(), 2, 9) ! Matrix(2, 9, \[ 0, 0, 0, 1, 0, 0, 2, 0, 0, 
0, 0, 0, 0, 0, 0, 0, 0, 1 ])
RMatrixSpace(IntegerRing(), 2, 9) ! Matrix(2, 9, \[ 0, 0, 0, 0, 2, 1, 0, 0, 0, 
0, 0, 0, 0, 0, 0, 0, 1, 0 ])
RMatrixSpace(IntegerRing(), 2, 9) ! Matrix(2, 9, \[ 0, 0, 0, 0, 2, 0, 0, 1, 0, 
0, 0, 0, 0, 0, 0, 0, 0, 1 ])
RMatrixSpace(IntegerRing(), 2, 9) ! Matrix(2, 9, \[ 0, 0, 0, 0, 1, 1, 1, 0, 0, 
0, 0, 0, 0, 0, 0, 0, 0, 1 ])
RMatrixSpace(IntegerRing(), 2, 9) ! Matrix(2, 9, \[ 0, 0, 0, 0, 0, 3, 0, 0, 0, 
0, 0, 0, 0, 0, 0, 0, 0, 1 ])
\[ 43, 43 ]
[ RMatrixSpace(IntegerRing(), 2, 9) |
    \[ 2, 1, 0, 0, 0, 0, 0, 0, 0, 0, 1, 0, 0, 0, 0, 0, 0, 0 ],

    \[ 1, 1, 1, 0, 0, 0, 0, 0, 0, 0, 0, 1, 0, 0, 0, 0, 0, 0 ],

    \[ 1, 0, 1, 1, 0, 0, 0, 0, 0, 0, 0, 0, 1, 0, 0, 0, 0, 0 ],

    \[ 1, 0, 0, 1, 1, 0, 0, 0, 0, 0, 0, 0, 0, 1, 0, 0, 0, 0 ],

    \[ 1, 0, 0, 0, 1, 1, 0, 0, 0, 0, 0, 0, 0, 0, 1, 0, 0, 0 ],

    \[ 1, 0, 0, 0, 0, 1, 1, 0, 0, 0, 0, 0, 0, 0, 0, 1, 0, 0 ],

    \[ 1, 0, 0, 0, 0, 0, 1, 1, 0, 0, 0, 0, 0, 0, 0, 0, 1, 0 ],

    \[ 1, 0, 0, 0, 0, 0, 0, 1, 1, 0, 0, 0, 0, 0, 0, 0, 0, 1 ],

    \[ 0, 3, 0, 0, 0, 0, 0, 0, 0, 0, 0, 1, 0, 0, 0, 0, 0, 0 ],

    \[ 0, 2, 0, 1, 0, 0, 0, 0, 0, 0, 0, 0, 1, 0, 0, 0, 0, 0 ],

    \[ 0, 1, 2, 0, 0, 0, 0, 0, 0, 0, 0, 0, 1, 0, 0, 0, 0, 0 ],

    \[ 0, 1, 1, 0, 1, 0, 0, 0, 0, 0, 0, 0, 0, 1, 0, 0, 0, 0 ],

    \[ 0, 1, 0, 2, 0, 0, 0, 0, 0, 0, 0, 0, 0, 1, 0, 0, 0, 0 ],

    \[ 0, 1, 0, 1, 0, 1, 0, 0, 0, 0, 0, 0, 0, 0, 1, 0, 0, 0 ],

    \[ 0, 1, 0, 0, 2, 0, 0, 0, 0, 0, 0, 0, 0, 0, 1, 0, 0, 0 ],

    \[ 0, 1, 0, 0, 1, 0, 1, 0, 0, 0, 0, 0, 0, 0, 0, 1, 0, 0 ],

    \[ 0, 1, 0, 0, 0, 2, 0, 0, 0, 0, 0, 0, 0, 0, 0, 1, 0, 0 ],

    \[ 0, 1, 0, 0, 0, 1, 0, 1, 0, 0, 0, 0, 0, 0, 0, 0, 1, 0 ],

    \[ 0, 1, 0, 0, 0, 0, 2, 0, 0, 0, 0, 0, 0, 0, 0, 0, 1, 0 ],

    \[ 0, 1, 0, 0, 0, 0, 1, 0, 1, 0, 0, 0, 0, 0, 0, 0, 0, 1 ],

    \[ 0, 1, 0, 0, 0, 0, 0, 2, 0, 0, 0, 0, 0, 0, 0, 0, 0, 1 ],

    \[ 0, 0, 2, 1, 0, 0, 0, 0, 0, 0, 0, 0, 0, 1, 0, 0, 0, 0 ],

    \[ 0, 0, 2, 0, 0, 1, 0, 0, 0, 0, 0, 0, 0, 0, 1, 0, 0, 0 ],

    \[ 0, 0, 1, 1, 1, 0, 0, 0, 0, 0, 0, 0, 0, 0, 1, 0, 0, 0 ],

    \[ 0, 0, 1, 1, 0, 0, 1, 0, 0, 0, 0, 0, 0, 0, 0, 1, 0, 0 ],

    \[ 0, 0, 1, 0, 1, 1, 0, 0, 0, 0, 0, 0, 0, 0, 0, 1, 0, 0 ],

    \[ 0, 0, 1, 0, 1, 0, 0, 1, 0, 0, 0, 0, 0, 0, 0, 0, 1, 0 ],

    \[ 0, 0, 1, 0, 0, 1, 1, 0, 0, 0, 0, 0, 0, 0, 0, 0, 1, 0 ],

    \[ 0, 0, 1, 0, 0, 1, 0, 0, 1, 0, 0, 0, 0, 0, 0, 0, 0, 1 ],

    \[ 0, 0, 1, 0, 0, 0, 1, 1, 0, 0, 0, 0, 0, 0, 0, 0, 0, 1 ],

    \[ 0, 0, 0, 3, 0, 0, 0, 0, 0, 0, 0, 0, 0, 0, 1, 0, 0, 0 ],

    \[ 0, 0, 0, 2, 0, 1, 0, 0, 0, 0, 0, 0, 0, 0, 0, 1, 0, 0 ],

    \[ 0, 0, 0, 1, 2, 0, 0, 0, 0, 0, 0, 0, 0, 0, 0, 1, 0, 0 ],

    \[ 0, 0, 0, 2, 0, 0, 0, 1, 0, 0, 0, 0, 0, 0, 0, 0, 1, 0 ],

    \[ 0, 0, 0, 1, 1, 0, 1, 0, 0, 0, 0, 0, 0, 0, 0, 0, 1, 0 ],

    \[ 0, 0, 0, 1, 0, 2, 0, 0, 0, 0, 0, 0, 0, 0, 0, 0, 1, 0 ],

    \[ 0, 0, 0, 1, 1, 0, 0, 0, 1, 0, 0, 0, 0, 0, 0, 0, 0, 1 ],

    \[ 0, 0, 0, 1, 0, 1, 0, 1, 0, 0, 0, 0, 0, 0, 0, 0, 0, 1 ],

    \[ 0, 0, 0, 1, 0, 0, 2, 0, 0, 0, 0, 0, 0, 0, 0, 0, 0, 1 ],

    \[ 0, 0, 0, 0, 2, 1, 0, 0, 0, 0, 0, 0, 0, 0, 0, 0, 1, 0 ],

    \[ 0, 0, 0, 0, 2, 0, 0, 1, 0, 0, 0, 0, 0, 0, 0, 0, 0, 1 ],

    \[ 0, 0, 0, 0, 1, 1, 1, 0, 0, 0, 0, 0, 0, 0, 0, 0, 0, 1 ],

    \[ 0, 0, 0, 0, 0, 3, 0, 0, 0, 0, 0, 0, 0, 0, 0, 0, 0, 1 ]
]
