\[ 240, 240 ]
[ RMatrixSpace(IntegerRing(), 5, 9) |
    \[ 5, 10, 10, 5, 1, 0, 0, 0, 0, 0, 10, 40, 65, 40, 0, 0, 0, 0, 0, 0, 10, 55,
    90, 0, 0, 0, 0, 0, 0, 0, 5, 26, 0, 0, 0, 0, 0, 0, 0, 0, 1, 0, 0, 0, 0 ],

    \[ 4, 7, 8, 7, 4, 1, 0, 0, 0, 0, 6, 20, 37, 52, 40, 0, 0, 0, 0, 0, 4, 17, 
    44, 90, 0, 0, 0, 0, 0, 0, 1, 4, 26, 0, 0, 0, 0, 0, 0, 0, 0, 1, 0, 0, 0 ],

    \[ 4, 6, 5, 5, 6, 4, 1, 0, 0, 0, 6, 16, 17, 24, 52, 40, 0, 0, 0, 0, 4, 11, 
    6, 44, 90, 0, 0, 0, 0, 0, 1, 0, 4, 26, 0, 0, 0, 0, 0, 0, 0, 0, 1, 0, 0 ],

    \[ 4, 6, 4, 2, 4, 6, 4, 1, 0, 0, 6, 16, 13, 4, 24, 52, 40, 0, 0, 0, 4, 11, 
    0, 6, 44, 90, 0, 0, 0, 0, 1, 0, 0, 4, 26, 0, 0, 0, 0, 0, 0, 0, 0, 1, 0 ],

    \[ 4, 6, 4, 1, 1, 4, 6, 4, 1, 0, 6, 16, 13, 0, 4, 24, 52, 40, 0, 0, 4, 11, 
    0, 0, 6, 44, 90, 0, 0, 0, 1, 0, 0, 0, 4, 26, 0, 0, 0, 0, 0, 0, 0, 0, 1 ],

    \[ 3, 6, 10, 9, 3, 0, 0, 0, 0, 0, 3, 14, 45, 66, 27, 0, 0, 0, 0, 0, 1, 12, 
    63, 79, 0, 0, 0, 0, 0, 0, 0, 6, 25, 0, 0, 0, 0, 0, 0, 0, 0, 1, 0, 0, 0 ],

    \[ 3, 5, 7, 7, 5, 3, 1, 0, 0, 0, 3, 10, 25, 38, 39, 40, 0, 0, 0, 0, 1, 6, 
    25, 33, 90, 0, 0, 0, 0, 0, 0, 2, 3, 26, 0, 0, 0, 0, 0, 0, 0, 0, 1, 0, 0 ],

    \[ 3, 4, 6, 9, 7, 2, 0, 0, 0, 0, 3, 7, 19, 46, 53, 27, 0, 0, 0, 0, 1, 3, 20,
    52, 79, 0, 0, 0, 0, 0, 0, 1, 5, 25, 0, 0, 0, 0, 0, 0, 0, 0, 1, 0, 0 ],

    \[ 3, 4, 5, 6, 5, 4, 3, 1, 0, 0, 3, 7, 15, 26, 25, 39, 40, 0, 0, 0, 1, 3, 
    14, 14, 33, 90, 0, 0, 0, 0, 0, 1, 1, 3, 26, 0, 0, 0, 0, 0, 0, 0, 0, 1, 0 ],

    \[ 3, 4, 4, 5, 7, 6, 2, 0, 0, 0, 3, 7, 12, 20, 33, 53, 27, 0, 0, 0, 1, 3, 
    11, 9, 52, 79, 0, 0, 0, 0, 0, 1, 0, 5, 25, 0, 0, 0, 0, 0, 0, 0, 0, 1, 0 ],

    \[ 3, 4, 4, 4, 4, 4, 4, 3, 1, 0, 3, 7, 12, 16, 13, 25, 39, 40, 0, 0, 1, 3, 
    11, 3, 14, 33, 90, 0, 0, 0, 0, 1, 0, 1, 3, 26, 0, 0, 0, 0, 0, 0, 0, 0, 1 ],

    \[ 3, 4, 4, 3, 3, 6, 6, 2, 0, 0, 3, 7, 12, 13, 7, 33, 53, 27, 0, 0, 1, 3, 
    11, 0, 9, 52, 79, 0, 0, 0, 0, 1, 0, 0, 5, 25, 0, 0, 0, 0, 0, 0, 0, 0, 1 ],

    \[ 3, 3, 3, 7, 9, 5, 1, 0, 0, 0, 3, 4, 6, 28, 47, 40, 27, 0, 0, 0, 1, 0, 6, 
    28, 41, 79, 0, 0, 0, 0, 0, 0, 2, 4, 25, 0, 0, 0, 0, 0, 0, 0, 0, 1, 0 ],

    \[ 3, 3, 3, 6, 6, 3, 3, 3, 1, 0, 3, 4, 6, 24, 27, 12, 39, 40, 0, 0, 1, 0, 6,
    22, 3, 33, 90, 0, 0, 0, 0, 0, 2, 0, 3, 26, 0, 0, 0, 0, 0, 0, 0, 0, 1 ],

    \[ 3, 3, 2, 4, 7, 7, 4, 1, 0, 0, 3, 4, 3, 15, 29, 34, 40, 27, 0, 0, 1, 0, 3,
    14, 17, 41, 79, 0, 0, 0, 0, 0, 1, 1, 4, 25, 0, 0, 0, 0, 0, 0, 0, 0, 1 ],

    \[ 3, 3, 1, 3, 9, 9, 3, 0, 0, 0, 3, 4, 0, 9, 37, 48, 27, 27, 0, 0, 1, 0, 0, 
    9, 36, 30, 79, 0, 0, 0, 0, 0, 0, 3, 3, 25, 0, 0, 0, 0, 0, 0, 0, 0, 1 ],

    \[ 2, 7, 12, 7, 2, 1, 0, 0, 0, 0, 1, 16, 51, 56, 31, 0, 0, 0, 0, 0, 0, 15, 
    60, 80, 0, 0, 0, 0, 0, 0, 0, 6, 25, 0, 0, 0, 0, 0, 0, 0, 0, 1, 0, 0, 0 ],

    \[ 2, 5, 8, 7, 6, 3, 0, 0, 0, 0, 1, 9, 25, 36, 57, 27, 0, 0, 0, 0, 0, 6, 17,
    53, 79, 0, 0, 0, 0, 0, 0, 1, 5, 25, 0, 0, 0, 0, 0, 0, 0, 0, 1, 0, 0 ],

    \[ 2, 4, 9, 9, 4, 2, 1, 0, 0, 0, 1, 7, 27, 42, 47, 31, 0, 0, 0, 0, 0, 5, 20,
    50, 80, 0, 0, 0, 0, 0, 0, 1, 5, 25, 0, 0, 0, 0, 0, 0, 0, 0, 1, 0, 0 ],

    \[ 2, 4, 7, 5, 4, 6, 3, 0, 0, 0, 1, 7, 20, 16, 27, 57, 27, 0, 0, 0, 0, 5, 
    11, 7, 53, 79, 0, 0, 0, 0, 0, 1, 0, 5, 25, 0, 0, 0, 0, 0, 0, 0, 0, 1, 0 ],

    \[ 2, 4, 6, 6, 6, 4, 2, 1, 0, 0, 1, 7, 18, 18, 33, 47, 31, 0, 0, 0, 0, 5, 
    10, 10, 50, 80, 0, 0, 0, 0, 0, 1, 0, 5, 25, 0, 0, 0, 0, 0, 0, 0, 0, 1, 0 ],

    \[ 2, 4, 6, 4, 2, 4, 6, 3, 0, 0, 1, 7, 18, 11, 7, 27, 57, 27, 0, 0, 0, 5, 
    10, 1, 7, 53, 79, 0, 0, 0, 0, 1, 0, 0, 5, 25, 0, 0, 0, 0, 0, 0, 0, 0, 1 ],

    \[ 2, 4, 6, 3, 3, 6, 4, 2, 1, 0, 1, 7, 18, 9, 9, 33, 47, 31, 0, 0, 0, 5, 10,
    0, 10, 50, 80, 0, 0, 0, 0, 1, 0, 0, 5, 25, 0, 0, 0, 0, 0, 0, 0, 0, 1 ],

    \[ 2, 3, 8, 11, 6, 1, 0, 0, 0, 0, 1, 4, 21, 50, 61, 18, 0, 0, 0, 0, 0, 2, 
    15, 69, 69, 0, 0, 0, 0, 0, 0, 0, 7, 24, 0, 0, 0, 0, 0, 0, 0, 0, 1, 0, 0 ],

    \[ 2, 4, 6, 6, 6, 4, 2, 1, 0, 0, 1, 6, 15, 24, 43, 26, 40, 0, 0, 0, 0, 3, 6,
    34, 22, 90, 0, 0, 0, 0, 0, 0, 3, 2, 26, 0, 0, 0, 0, 0, 0, 0, 0, 1, 0 ],

    \[ 2, 3, 6, 7, 6, 5, 2, 0, 0, 0, 1, 4, 14, 24, 41, 44, 27, 0, 0, 0, 0, 2, 6,
    26, 42, 79, 0, 0, 0, 0, 0, 0, 2, 4, 25, 0, 0, 0, 0, 0, 0, 0, 0, 1, 0 ],

    \[ 2, 3, 4, 7, 10, 5, 0, 0, 0, 0, 1, 4, 9, 20, 55, 48, 18, 0, 0, 0, 0, 2, 2,
    24, 58, 69, 0, 0, 0, 0, 0, 0, 1, 6, 24, 0, 0, 0, 0, 0, 0, 0, 0, 1, 0 ],

    \[ 2, 3, 5, 5, 5, 5, 3, 2, 1, 0, 1, 4, 11, 14, 29, 30, 26, 40, 0, 0, 0, 2, 
    3, 15, 23, 22, 90, 0, 0, 0, 0, 0, 1, 2, 2, 26, 0, 0, 0, 0, 0, 0, 0, 0, 1 ],

    \[ 2, 3, 4, 5, 6, 5, 4, 2, 0, 0, 1, 4, 9, 13, 29, 28, 44, 27, 0, 0, 0, 2, 2,
    15, 15, 42, 79, 0, 0, 0, 0, 0, 1, 1, 4, 25, 0, 0, 0, 0, 0, 0, 0, 0, 1 ],

    \[ 2, 3, 4, 3, 6, 9, 4, 0, 0, 0, 1, 4, 9, 8, 25, 42, 48, 18, 0, 0, 0, 2, 2, 
    11, 13, 58, 69, 0, 0, 0, 0, 0, 1, 0, 6, 24, 0, 0, 0, 0, 0, 0, 0, 0, 1 ],

    \[ 2, 2, 6, 10, 6, 2, 2, 1, 0, 0, 1, 2, 14, 32, 37, 38, 31, 0, 0, 0, 0, 1, 
    8, 26, 40, 80, 0, 0, 0, 0, 0, 0, 2, 4, 25, 0, 0, 0, 0, 0, 0, 0, 0, 1, 0 ],

    \[ 2, 2, 5, 9, 8, 4, 1, 0, 0, 0, 1, 2, 11, 26, 45, 52, 18, 0, 0, 0, 0, 1, 5,
    21, 59, 69, 0, 0, 0, 0, 0, 0, 1, 6, 24, 0, 0, 0, 0, 0, 0, 0, 0, 1, 0 ],

    \[ 2, 2, 5, 7, 4, 4, 5, 2, 0, 0, 1, 2, 11, 19, 19, 32, 44, 27, 0, 0, 0, 1, 
    5, 12, 16, 42, 79, 0, 0, 0, 0, 0, 1, 1, 4, 25, 0, 0, 0, 0, 0, 0, 0, 0, 1 ],

    \[ 2, 2, 4, 7, 7, 4, 2, 2, 1, 0, 1, 2, 9, 19, 27, 28, 38, 31, 0, 0, 0, 1, 4,
    14, 16, 40, 80, 0, 0, 0, 0, 0, 1, 1, 4, 25, 0, 0, 0, 0, 0, 0, 0, 0, 1 ],

    \[ 2, 2, 4, 6, 6, 6, 4, 1, 0, 0, 1, 2, 9, 16, 21, 36, 52, 18, 0, 0, 0, 1, 4,
    11, 11, 59, 69, 0, 0, 0, 0, 0, 1, 0, 6, 24, 0, 0, 0, 0, 0, 0, 0, 0, 1 ],

    \[ 2, 2, 4, 6, 6, 6, 4, 1, 0, 0, 1, 2, 8, 13, 27, 46, 31, 27, 0, 0, 0, 1, 2,
    7, 35, 31, 79, 0, 0, 0, 0, 0, 0, 3, 3, 25, 0, 0, 0, 0, 0, 0, 0, 0, 1 ],

    \[ 2, 2, 3, 5, 8, 8, 3, 0, 0, 0, 1, 2, 6, 10, 29, 50, 39, 18, 0, 0, 0, 1, 1,
    6, 30, 48, 69, 0, 0, 0, 0, 0, 0, 2, 5, 24, 0, 0, 0, 0, 0, 0, 0, 0, 1 ],

    \[ 2, 2, 2, 6, 10, 6, 2, 1, 0, 0, 1, 2, 4, 12, 35, 40, 43, 18, 0, 0, 0, 1, 
    0, 9, 27, 49, 69, 0, 0, 0, 0, 0, 0, 2, 5, 24, 0, 0, 0, 0, 0, 0, 0, 0, 1 ],

    \[ 2, 1, 4, 11, 10, 3, 0, 0, 0, 0, 1, 0, 8, 28, 49, 60, 9, 0, 0, 0, 0, 0, 4,
    16, 76, 59, 0, 0, 0, 0, 0, 0, 0, 8, 23, 0, 0, 0, 0, 0, 0, 0, 0, 1, 0 ],

    \[ 2, 1, 3, 9, 9, 3, 1, 2, 1, 0, 1, 0, 6, 21, 31, 36, 29, 31, 0, 0, 0, 0, 3,
    9, 33, 30, 80, 0, 0, 0, 0, 0, 0, 3, 3, 25, 0, 0, 0, 0, 0, 0, 0, 0, 1 ],

    \[ 2, 1, 3, 8, 8, 5, 3, 1, 0, 0, 1, 0, 6, 18, 25, 44, 43, 18, 0, 0, 0, 0, 3,
    6, 28, 49, 69, 0, 0, 0, 0, 0, 0, 2, 5, 24, 0, 0, 0, 0, 0, 0, 0, 0, 1 ],

    \[ 2, 1, 2, 7, 10, 7, 2, 0, 0, 0, 1, 0, 4, 15, 27, 48, 51, 9, 0, 0, 0, 0, 2,
    5, 23, 66, 59, 0, 0, 0, 0, 0, 0, 1, 7, 23, 0, 0, 0, 0, 0, 0, 0, 0, 1 ],

    \[ 2, 1, 0, 7, 14, 7, 0, 0, 0, 0, 1, 0, 0, 14, 35, 42, 63, 0, 0, 0, 0, 0, 0,
    7, 15, 84, 49, 0, 0, 0, 0, 0, 0, 0, 9, 22, 0, 0, 0, 0, 0, 0, 0, 0, 1 ],

    \[ 1, 10, 10, 5, 5, 0, 0, 0, 0, 0, 0, 20, 45, 60, 30, 0, 0, 0, 0, 0, 0, 15, 
    60, 80, 0, 0, 0, 0, 0, 0, 0, 6, 25, 0, 0, 0, 0, 0, 0, 0, 0, 1, 0, 0, 0 ],

    \[ 1, 7, 7, 7, 7, 1, 1, 0, 0, 0, 0, 11, 21, 46, 46, 31, 0, 0, 0, 0, 0, 5, 
    20, 50, 80, 0, 0, 0, 0, 0, 0, 1, 5, 25, 0, 0, 0, 0, 0, 0, 0, 0, 1, 0, 0 ],

    \[ 1, 6, 10, 5, 5, 4, 0, 0, 0, 0, 0, 10, 25, 40, 50, 30, 0, 0, 0, 0, 0, 5, 
    20, 50, 80, 0, 0, 0, 0, 0, 0, 1, 5, 25, 0, 0, 0, 0, 0, 0, 0, 0, 1, 0, 0 ],

    \[ 1, 6, 7, 2, 7, 6, 1, 1, 0, 0, 0, 10, 16, 16, 36, 46, 31, 0, 0, 0, 0, 5, 
    10, 10, 50, 80, 0, 0, 0, 0, 0, 1, 0, 5, 25, 0, 0, 0, 0, 0, 0, 0, 0, 1, 0 ],

    \[ 1, 6, 6, 5, 5, 4, 4, 0, 0, 0, 0, 10, 15, 20, 30, 50, 30, 0, 0, 0, 0, 5, 
    10, 10, 50, 80, 0, 0, 0, 0, 0, 1, 0, 5, 25, 0, 0, 0, 0, 0, 0, 0, 0, 1, 0 ],

    \[ 1, 6, 6, 2, 2, 6, 6, 1, 1, 0, 0, 10, 15, 11, 6, 36, 46, 31, 0, 0, 0, 5, 
    10, 0, 10, 50, 80, 0, 0, 0, 0, 1, 0, 0, 5, 25, 0, 0, 0, 0, 0, 0, 0, 0, 1 ],

    \[ 1, 6, 6, 1, 5, 4, 4, 4, 0, 0, 0, 10, 15, 10, 10, 30, 50, 30, 0, 0, 0, 5, 
    10, 0, 10, 50, 80, 0, 0, 0, 0, 1, 0, 0, 5, 25, 0, 0, 0, 0, 0, 0, 0, 0, 1 ],

    \[ 1, 6, 6, 9, 9, 0, 0, 0, 0, 0, 0, 8, 15, 54, 60, 18, 0, 0, 0, 0, 0, 2, 15,
    69, 69, 0, 0, 0, 0, 0, 0, 0, 7, 24, 0, 0, 0, 0, 0, 0, 0, 0, 1, 0, 0 ],

    \[ 1, 4, 10, 9, 5, 2, 0, 0, 0, 0, 0, 5, 21, 54, 54, 21, 0, 0, 0, 0, 0, 1, 
    18, 66, 70, 0, 0, 0, 0, 0, 0, 0, 7, 24, 0, 0, 0, 0, 0, 0, 0, 0, 1, 0, 0 ],

    \[ 1, 5, 5, 7, 7, 3, 3, 0, 0, 0, 0, 6, 10, 34, 30, 48, 27, 0, 0, 0, 0, 1, 9,
    23, 43, 79, 0, 0, 0, 0, 0, 0, 2, 4, 25, 0, 0, 0, 0, 0, 0, 0, 0, 1, 0 ],

    \[ 1, 4, 7, 6, 7, 4, 1, 1, 0, 0, 0, 5, 12, 30, 40, 37, 31, 0, 0, 0, 0, 1, 8,
    26, 40, 80, 0, 0, 0, 0, 0, 0, 2, 4, 25, 0, 0, 0, 0, 0, 0, 0, 0, 1, 0 ],

    \[ 1, 4, 6, 5, 9, 6, 0, 0, 0, 0, 0, 5, 9, 24, 48, 51, 18, 0, 0, 0, 0, 1, 5, 
    21, 59, 69, 0, 0, 0, 0, 0, 0, 1, 6, 24, 0, 0, 0, 0, 0, 0, 0, 0, 1, 0 ],

    \[ 1, 4, 4, 9, 9, 2, 2, 0, 0, 0, 0, 5, 6, 30, 48, 45, 21, 0, 0, 0, 0, 1, 4, 
    24, 56, 70, 0, 0, 0, 0, 0, 0, 1, 6, 24, 0, 0, 0, 0, 0, 0, 0, 0, 1, 0 ],

    \[ 1, 4, 5, 4, 7, 4, 3, 3, 0, 0, 0, 5, 7, 19, 28, 21, 48, 27, 0, 0, 0, 1, 4,
    15, 13, 43, 79, 0, 0, 0, 0, 0, 1, 1, 4, 25, 0, 0, 0, 0, 0, 0, 0, 0, 1 ],

    \[ 1, 4, 4, 6, 6, 4, 4, 1, 1, 0, 0, 5, 6, 21, 24, 31, 37, 31, 0, 0, 0, 1, 4,
    14, 16, 40, 80, 0, 0, 0, 0, 0, 1, 1, 4, 25, 0, 0, 0, 0, 0, 0, 0, 0, 1 ],

    \[ 1, 4, 4, 5, 5, 6, 6, 0, 0, 0, 0, 5, 6, 18, 18, 39, 51, 18, 0, 0, 0, 1, 4,
    11, 11, 59, 69, 0, 0, 0, 0, 0, 1, 0, 6, 24, 0, 0, 0, 0, 0, 0, 0, 0, 1 ],

    \[ 1, 4, 4, 3, 9, 6, 2, 2, 0, 0, 0, 5, 6, 15, 24, 39, 45, 21, 0, 0, 0, 1, 4,
    10, 14, 56, 70, 0, 0, 0, 0, 0, 1, 0, 6, 24, 0, 0, 0, 0, 0, 0, 0, 0, 1 ],

    \[ 1, 3, 9, 7, 3, 5, 3, 0, 0, 0, 0, 4, 15, 28, 38, 40, 30, 0, 0, 0, 0, 1, 8,
    26, 40, 80, 0, 0, 0, 0, 0, 0, 2, 4, 25, 0, 0, 0, 0, 0, 0, 0, 0, 1, 0 ],

    \[ 1, 3, 7, 7, 7, 5, 1, 0, 0, 0, 0, 4, 10, 24, 52, 44, 21, 0, 0, 0, 0, 1, 4,
    24, 56, 70, 0, 0, 0, 0, 0, 0, 1, 6, 24, 0, 0, 0, 0, 0, 0, 0, 0, 1, 0 ],

    \[ 1, 3, 7, 4, 4, 7, 3, 1, 1, 0, 0, 4, 10, 15, 28, 30, 37, 31, 0, 0, 0, 1, 
    4, 14, 16, 40, 80, 0, 0, 0, 0, 0, 1, 1, 4, 25, 0, 0, 0, 0, 0, 0, 0, 0, 1 ],

    \[ 1, 3, 6, 6, 5, 3, 4, 3, 0, 0, 0, 4, 9, 18, 26, 28, 40, 30, 0, 0, 0, 1, 4,
    14, 16, 40, 80, 0, 0, 0, 0, 0, 1, 1, 4, 25, 0, 0, 0, 0, 0, 0, 0, 0, 1 ],

    \[ 1, 3, 6, 4, 5, 7, 4, 1, 0, 0, 0, 4, 9, 13, 22, 42, 44, 21, 0, 0, 0, 1, 4,
    10, 14, 56, 70, 0, 0, 0, 0, 0, 1, 0, 6, 24, 0, 0, 0, 0, 0, 0, 0, 0, 1 ],

    \[ 1, 3, 5, 3, 7, 9, 3, 0, 0, 0, 0, 4, 5, 8, 36, 42, 42, 18, 0, 0, 0, 1, 0, 
    9, 27, 49, 69, 0, 0, 0, 0, 0, 0, 2, 5, 24, 0, 0, 0, 0, 0, 0, 0, 0, 1 ],

    \[ 1, 3, 4, 4, 9, 7, 2, 1, 0, 0, 0, 4, 4, 9, 36, 46, 35, 21, 0, 0, 0, 1, 0, 
    8, 30, 46, 70, 0, 0, 0, 0, 0, 0, 2, 5, 24, 0, 0, 0, 0, 0, 0, 0, 0, 1 ],

    \[ 1, 3, 3, 7, 7, 5, 5, 0, 0, 0, 0, 4, 3, 13, 30, 50, 34, 21, 0, 0, 0, 1, 0,
    8, 30, 46, 70, 0, 0, 0, 0, 0, 0, 2, 5, 24, 0, 0, 0, 0, 0, 0, 0, 0, 1 ],

    \[ 1, 3, 11, 11, 3, 1, 1, 0, 0, 0, 0, 3, 23, 60, 44, 25, 0, 0, 0, 0, 0, 0, 
    21, 63, 71, 0, 0, 0, 0, 0, 0, 0, 7, 24, 0, 0, 0, 0, 0, 0, 0, 0, 1, 0, 0 ],

    \[ 1, 3, 7, 7, 7, 5, 1, 0, 0, 0, 0, 3, 11, 30, 38, 55, 18, 0, 0, 0, 0, 0, 8,
    18, 60, 69, 0, 0, 0, 0, 0, 0, 1, 6, 24, 0, 0, 0, 0, 0, 0, 0, 0, 1, 0 ],

    \[ 1, 2, 8, 9, 5, 4, 2, 0, 0, 0, 0, 2, 12, 30, 42, 48, 21, 0, 0, 0, 0, 0, 7,
    21, 57, 70, 0, 0, 0, 0, 0, 0, 1, 6, 24, 0, 0, 0, 0, 0, 0, 0, 0, 1, 0 ],

    \[ 1, 2, 7, 10, 7, 2, 1, 1, 0, 0, 0, 2, 10, 32, 48, 38, 25, 0, 0, 0, 0, 0, 
    6, 24, 54, 71, 0, 0, 0, 0, 0, 0, 1, 6, 24, 0, 0, 0, 0, 0, 0, 0, 0, 1, 0 ],

    \[ 1, 2, 7, 6, 3, 6, 5, 1, 0, 0, 0, 2, 10, 20, 18, 32, 55, 18, 0, 0, 0, 0, 
    6, 11, 9, 60, 69, 0, 0, 0, 0, 0, 1, 0, 6, 24, 0, 0, 0, 0, 0, 0, 0, 0, 1 ],

    \[ 1, 2, 6, 7, 5, 4, 4, 2, 0, 0, 0, 2, 9, 21, 18, 36, 48, 21, 0, 0, 0, 0, 6,
    10, 12, 57, 70, 0, 0, 0, 0, 0, 1, 0, 6, 24, 0, 0, 0, 0, 0, 0, 0, 0, 1 ],

    \[ 1, 2, 6, 6, 6, 6, 2, 1, 1, 0, 0, 2, 9, 19, 20, 42, 38, 25, 0, 0, 0, 0, 6,
    9, 15, 54, 71, 0, 0, 0, 0, 0, 1, 0, 6, 24, 0, 0, 0, 0, 0, 0, 0, 0, 1 ],

    \[ 1, 3, 3, 11, 11, 1, 1, 0, 0, 0, 0, 3, 3, 32, 52, 53, 12, 0, 0, 0, 0, 0, 
    3, 19, 73, 60, 0, 0, 0, 0, 0, 0, 0, 8, 23, 0, 0, 0, 0, 0, 0, 0, 0, 1, 0 ],

    \[ 1, 4, 4, 6, 6, 4, 4, 1, 1, 0, 0, 4, 6, 24, 16, 52, 13, 40, 0, 0, 0, 0, 6,
    4, 44, 11, 90, 0, 0, 0, 0, 0, 0, 4, 1, 26, 0, 0, 0, 0, 0, 0, 0, 0, 1 ],

    \[ 1, 3, 5, 5, 7, 5, 3, 2, 0, 0, 0, 3, 6, 19, 26, 39, 35, 27, 0, 0, 0, 0, 4,
    7, 33, 32, 79, 0, 0, 0, 0, 0, 0, 3, 3, 25, 0, 0, 0, 0, 0, 0, 0, 0, 1 ],

    \[ 1, 3, 3, 7, 7, 5, 5, 0, 0, 0, 0, 3, 3, 20, 22, 47, 42, 18, 0, 0, 0, 0, 3,
    6, 28, 49, 69, 0, 0, 0, 0, 0, 0, 2, 5, 24, 0, 0, 0, 0, 0, 0, 0, 0, 1 ],

    \[ 1, 3, 3, 3, 11, 9, 1, 0, 0, 0, 0, 3, 3, 12, 24, 61, 40, 12, 0, 0, 0, 0, 
    3, 1, 29, 62, 60, 0, 0, 0, 0, 0, 0, 1, 7, 23, 0, 0, 0, 0, 0, 0, 0, 0, 1 ],

    \[ 1, 2, 6, 9, 9, 4, 0, 0, 0, 0, 0, 2, 7, 26, 56, 52, 12, 0, 0, 0, 0, 0, 3, 
    19, 73, 60, 0, 0, 0, 0, 0, 0, 0, 8, 23, 0, 0, 0, 0, 0, 0, 0, 0, 1, 0 ],

    \[ 1, 2, 6, 6, 6, 6, 2, 1, 1, 0, 0, 2, 7, 17, 32, 38, 28, 31, 0, 0, 0, 0, 3,
    9, 33, 30, 80, 0, 0, 0, 0, 0, 0, 3, 3, 25, 0, 0, 0, 0, 0, 0, 0, 0, 1 ],

    \[ 1, 2, 6, 5, 5, 8, 4, 0, 0, 0, 0, 2, 7, 14, 26, 46, 42, 18, 0, 0, 0, 0, 3,
    6, 28, 49, 69, 0, 0, 0, 0, 0, 0, 2, 5, 24, 0, 0, 0, 0, 0, 0, 0, 0, 1 ],

    \[ 1, 2, 4, 7, 9, 4, 2, 2, 0, 0, 0, 2, 4, 17, 32, 40, 39, 21, 0, 0, 0, 0, 2,
    8, 28, 47, 70, 0, 0, 0, 0, 0, 0, 2, 5, 24, 0, 0, 0, 0, 0, 0, 0, 0, 1 ],

    \[ 1, 2, 5, 6, 7, 6, 3, 1, 0, 0, 0, 2, 5, 16, 32, 36, 46, 18, 0, 0, 0, 0, 2,
    9, 25, 50, 69, 0, 0, 0, 0, 0, 0, 2, 5, 24, 0, 0, 0, 0, 0, 0, 0, 0, 1 ],

    \[ 1, 2, 4, 5, 9, 8, 2, 0, 0, 0, 0, 2, 4, 12, 28, 54, 43, 12, 0, 0, 0, 0, 2,
    4, 26, 63, 60, 0, 0, 0, 0, 0, 0, 1, 7, 23, 0, 0, 0, 0, 0, 0, 0, 0, 1 ],

    \[ 1, 2, 2, 10, 10, 2, 2, 1, 1, 0, 0, 2, 1, 21, 34, 40, 32, 25, 0, 0, 0, 0, 
    1, 10, 28, 45, 71, 0, 0, 0, 0, 0, 0, 2, 5, 24, 0, 0, 0, 0, 0, 0, 0, 0, 1 ],

    \[ 1, 2, 3, 6, 11, 6, 1, 1, 0, 0, 0, 2, 2, 14, 34, 44, 47, 12, 0, 0, 0, 0, 
    1, 7, 23, 64, 60, 0, 0, 0, 0, 0, 0, 1, 7, 23, 0, 0, 0, 0, 0, 0, 0, 0, 1 ],

    \[ 1, 2, 2, 9, 9, 4, 4, 0, 0, 0, 0, 2, 1, 18, 28, 48, 46, 12, 0, 0, 0, 0, 1,
    7, 23, 64, 60, 0, 0, 0, 0, 0, 0, 1, 7, 23, 0, 0, 0, 0, 0, 0, 0, 0, 1 ],

    \[ 1, 1, 7, 11, 7, 3, 1, 0, 0, 0, 0, 1, 8, 26, 60, 45, 15, 0, 0, 0, 0, 0, 2,
    22, 70, 61, 0, 0, 0, 0, 0, 0, 0, 8, 23, 0, 0, 0, 0, 0, 0, 0, 0, 1, 0 ],

    \[ 1, 1, 7, 9, 3, 3, 5, 2, 0, 0, 0, 1, 9, 18, 28, 39, 30, 30, 0, 0, 0, 0, 3,
    9, 33, 30, 80, 0, 0, 0, 0, 0, 0, 3, 3, 25, 0, 0, 0, 0, 0, 0, 0, 0, 1 ],

    \[ 1, 1, 6, 8, 5, 5, 4, 1, 0, 0, 0, 1, 7, 15, 30, 43, 38, 21, 0, 0, 0, 0, 2,
    8, 28, 47, 70, 0, 0, 0, 0, 0, 0, 2, 5, 24, 0, 0, 0, 0, 0, 0, 0, 0, 1 ],

    \[ 1, 1, 5, 7, 7, 7, 3, 0, 0, 0, 0, 1, 6, 11, 26, 61, 35, 15, 0, 0, 0, 0, 2,
    3, 29, 60, 61, 0, 0, 0, 0, 0, 0, 1, 7, 23, 0, 0, 0, 0, 0, 0, 0, 0, 1 ],

    \[ 1, 1, 5, 9, 7, 3, 3, 2, 0, 0, 0, 1, 5, 17, 36, 33, 42, 21, 0, 0, 0, 0, 1,
    11, 25, 48, 70, 0, 0, 0, 0, 0, 0, 2, 5, 24, 0, 0, 0, 0, 0, 0, 0, 0, 1 ],

    \[ 1, 1, 5, 8, 8, 5, 1, 1, 1, 0, 0, 1, 5, 15, 38, 39, 32, 25, 0, 0, 0, 0, 1,
    10, 28, 45, 71, 0, 0, 0, 0, 0, 0, 2, 5, 24, 0, 0, 0, 0, 0, 0, 0, 0, 1 ],

    \[ 1, 1, 5, 7, 7, 7, 3, 0, 0, 0, 0, 1, 5, 12, 32, 47, 46, 12, 0, 0, 0, 0, 1,
    7, 23, 64, 60, 0, 0, 0, 0, 0, 0, 1, 7, 23, 0, 0, 0, 0, 0, 0, 0, 0, 1 ],

    \[ 1, 1, 4, 8, 9, 5, 2, 1, 0, 0, 0, 1, 4, 13, 32, 51, 39, 15, 0, 0, 0, 0, 1,
    6, 26, 61, 61, 0, 0, 0, 0, 0, 0, 1, 7, 23, 0, 0, 0, 0, 0, 0, 0, 0, 1 ],

    \[ 1, 1, 5, 7, 7, 7, 3, 0, 0, 0, 0, 1, 4, 13, 38, 33, 57, 9, 0, 0, 0, 0, 0, 
    11, 17, 68, 59, 0, 0, 0, 0, 0, 0, 1, 7, 23, 0, 0, 0, 0, 0, 0, 0, 0, 1 ],

    \[ 1, 1, 3, 7, 11, 7, 1, 0, 0, 0, 0, 1, 2, 10, 34, 55, 47, 6, 0, 0, 0, 0, 0,
    5, 21, 78, 51, 0, 0, 0, 0, 0, 0, 0, 9, 22, 0, 0, 0, 0, 0, 0, 0, 0, 1 ],

    \[ 1, 1, 1, 11, 11, 3, 3, 0, 0, 0, 0, 1, 0, 15, 28, 63, 39, 9, 0, 0, 0, 0, 
    0, 4, 24, 75, 52, 0, 0, 0, 0, 0, 0, 0, 9, 22, 0, 0, 0, 0, 0, 0, 0, 0, 1 ],

    \[ 1, 0, 7, 14, 7, 0, 1, 1, 0, 0, 0, 0, 7, 28, 70, 28, 22, 0, 0, 0, 0, 0, 0,
    28, 64, 63, 0, 0, 0, 0, 0, 0, 0, 8, 23, 0, 0, 0, 0, 0, 0, 0, 0, 1, 0 ],

    \[ 1, 0, 5, 10, 7, 4, 3, 1, 0, 0, 0, 0, 5, 13, 36, 44, 42, 15, 0, 0, 0, 0, 
    0, 9, 23, 62, 61, 0, 0, 0, 0, 0, 0, 1, 7, 23, 0, 0, 0, 0, 0, 0, 0, 0, 1 ],

    \[ 1, 0, 4, 10, 10, 4, 0, 1, 1, 0, 0, 0, 4, 12, 38, 54, 25, 22, 0, 0, 0, 0, 
    0, 7, 29, 56, 63, 0, 0, 0, 0, 0, 0, 1, 7, 23, 0, 0, 0, 0, 0, 0, 0, 0, 1 ],

    \[ 1, 0, 3, 10, 11, 4, 1, 1, 0, 0, 0, 0, 3, 10, 32, 66, 32, 12, 0, 0, 0, 0, 
    0, 3, 27, 72, 53, 0, 0, 0, 0, 0, 0, 0, 9, 22, 0, 0, 0, 0, 0, 0, 0, 0, 1 ],

    \[ 1, 0, 4, 9, 9, 6, 2, 0, 0, 0, 0, 0, 4, 9, 32, 62, 39, 9, 0, 0, 0, 0, 0, 
    4, 24, 75, 52, 0, 0, 0, 0, 0, 0, 0, 9, 22, 0, 0, 0, 0, 0, 0, 0, 0, 1 ],

    \[ 1, 0, 0, 14, 14, 0, 0, 1, 1, 0, 0, 0, 0, 14, 28, 84, 7, 22, 0, 0, 0, 0, 
    0, 0, 36, 63, 56, 0, 0, 0, 0, 0, 0, 0, 9, 22, 0, 0, 0, 0, 0, 0, 0, 0, 1 ],

    \[ 0, 15, 0, 15, 0, 1, 0, 0, 0, 0, 0, 20, 45, 60, 30, 0, 0, 0, 0, 0, 0, 15, 
    60, 80, 0, 0, 0, 0, 0, 0, 0, 6, 25, 0, 0, 0, 0, 0, 0, 0, 0, 1, 0, 0, 0 ],

    \[ 0, 11, 0, 15, 0, 5, 0, 0, 0, 0, 0, 10, 25, 40, 50, 30, 0, 0, 0, 0, 0, 5, 
    20, 50, 80, 0, 0, 0, 0, 0, 0, 1, 5, 25, 0, 0, 0, 0, 0, 0, 0, 0, 1, 0, 0 ],

    \[ 0, 10, 5, 5, 10, 0, 1, 0, 0, 0, 0, 10, 25, 40, 50, 30, 0, 0, 0, 0, 0, 5, 
    20, 50, 80, 0, 0, 0, 0, 0, 0, 1, 5, 25, 0, 0, 0, 0, 0, 0, 0, 0, 1, 0, 0 ],

    \[ 0, 10, 1, 5, 10, 0, 5, 0, 0, 0, 0, 10, 15, 20, 30, 50, 30, 0, 0, 0, 0, 5,
    10, 10, 50, 80, 0, 0, 0, 0, 0, 1, 0, 5, 25, 0, 0, 0, 0, 0, 0, 0, 0, 1, 0 ],

    \[ 0, 10, 0, 10, 0, 10, 0, 1, 0, 0, 0, 10, 15, 20, 30, 50, 30, 0, 0, 0, 0, 
    5, 10, 10, 50, 80, 0, 0, 0, 0, 0, 1, 0, 5, 25, 0, 0, 0, 0, 0, 0, 0, 0, 1, 0 
    ],

    \[ 0, 10, 0, 6, 0, 10, 0, 5, 0, 0, 0, 10, 15, 10, 10, 30, 50, 30, 0, 0, 0, 
    5, 10, 0, 10, 50, 80, 0, 0, 0, 0, 1, 0, 0, 5, 25, 0, 0, 0, 0, 0, 0, 0, 0, 1 
    ],

    \[ 0, 10, 0, 5, 5, 0, 10, 0, 1, 0, 0, 10, 15, 10, 10, 30, 50, 30, 0, 0, 0, 
    5, 10, 0, 10, 50, 80, 0, 0, 0, 0, 1, 0, 0, 5, 25, 0, 0, 0, 0, 0, 0, 0, 0, 1 
    ],

    \[ 0, 9, 0, 19, 0, 3, 0, 0, 0, 0, 0, 5, 21, 54, 54, 21, 0, 0, 0, 0, 0, 1, 
    18, 66, 70, 0, 0, 0, 0, 0, 0, 0, 7, 24, 0, 0, 0, 0, 0, 0, 0, 0, 1, 0, 0 ],

    \[ 0, 7, 8, 7, 8, 1, 0, 0, 0, 0, 0, 4, 25, 48, 58, 20, 0, 0, 0, 0, 0, 1, 18,
    66, 70, 0, 0, 0, 0, 0, 0, 0, 7, 24, 0, 0, 0, 0, 0, 0, 0, 0, 1, 0, 0 ],

    \[ 0, 8, 0, 14, 0, 8, 0, 1, 0, 0, 0, 4, 16, 24, 44, 36, 31, 0, 0, 0, 0, 1, 
    8, 26, 40, 80, 0, 0, 0, 0, 0, 0, 2, 4, 25, 0, 0, 0, 0, 0, 0, 0, 0, 1, 0 ],

    \[ 0, 7, 4, 7, 8, 1, 4, 0, 0, 0, 0, 4, 15, 28, 38, 40, 30, 0, 0, 0, 0, 1, 8,
    26, 40, 80, 0, 0, 0, 0, 0, 0, 2, 4, 25, 0, 0, 0, 0, 0, 0, 0, 0, 1, 0 ],

    \[ 0, 7, 2, 7, 12, 1, 2, 0, 0, 0, 0, 4, 10, 24, 52, 44, 21, 0, 0, 0, 0, 1, 
    4, 24, 56, 70, 0, 0, 0, 0, 0, 0, 1, 6, 24, 0, 0, 0, 0, 0, 0, 0, 0, 1, 0 ],

    \[ 0, 7, 0, 15, 0, 9, 0, 0, 0, 0, 0, 4, 9, 28, 46, 48, 20, 0, 0, 0, 0, 1, 4,
    24, 56, 70, 0, 0, 0, 0, 0, 0, 1, 6, 24, 0, 0, 0, 0, 0, 0, 0, 0, 1, 0 ],

    \[ 0, 7, 1, 7, 7, 1, 7, 0, 1, 0, 0, 4, 9, 19, 22, 34, 36, 31, 0, 0, 0, 1, 4,
    14, 16, 40, 80, 0, 0, 0, 0, 0, 1, 1, 4, 25, 0, 0, 0, 0, 0, 0, 0, 0, 1 ],

    \[ 0, 7, 0, 11, 0, 9, 0, 4, 0, 0, 0, 4, 9, 18, 26, 28, 40, 30, 0, 0, 0, 1, 
    4, 14, 16, 40, 80, 0, 0, 0, 0, 0, 1, 1, 4, 25, 0, 0, 0, 0, 0, 0, 0, 0, 1 ],

    \[ 0, 7, 0, 9, 0, 13, 0, 2, 0, 0, 0, 4, 9, 13, 22, 42, 44, 21, 0, 0, 0, 1, 
    4, 10, 14, 56, 70, 0, 0, 0, 0, 0, 1, 0, 6, 24, 0, 0, 0, 0, 0, 0, 0, 0, 1 ],

    \[ 0, 7, 0, 7, 8, 1, 8, 0, 0, 0, 0, 4, 9, 12, 26, 36, 48, 20, 0, 0, 0, 1, 4,
    10, 14, 56, 70, 0, 0, 0, 0, 0, 1, 0, 6, 24, 0, 0, 0, 0, 0, 0, 0, 0, 1 ],

    \[ 0, 6, 8, 2, 8, 6, 0, 1, 0, 0, 0, 4, 15, 28, 38, 40, 30, 0, 0, 0, 0, 1, 8,
    26, 40, 80, 0, 0, 0, 0, 0, 0, 2, 4, 25, 0, 0, 0, 0, 0, 0, 0, 0, 1, 0 ],

    \[ 0, 6, 5, 5, 10, 4, 1, 0, 0, 0, 0, 4, 9, 28, 46, 48, 20, 0, 0, 0, 0, 1, 4,
    24, 56, 70, 0, 0, 0, 0, 0, 0, 1, 6, 24, 0, 0, 0, 0, 0, 0, 0, 0, 1, 0 ],

    \[ 0, 6, 5, 1, 10, 4, 1, 4, 0, 0, 0, 4, 9, 18, 26, 28, 40, 30, 0, 0, 0, 1, 
    4, 14, 16, 40, 80, 0, 0, 0, 0, 0, 1, 1, 4, 25, 0, 0, 0, 0, 0, 0, 0, 0, 1 ],

    \[ 0, 6, 4, 5, 5, 4, 6, 0, 1, 0, 0, 4, 9, 18, 26, 28, 40, 30, 0, 0, 0, 1, 4,
    14, 16, 40, 80, 0, 0, 0, 0, 0, 1, 1, 4, 25, 0, 0, 0, 0, 0, 0, 0, 0, 1 ],

    \[ 0, 6, 4, 2, 8, 6, 4, 1, 0, 0, 0, 4, 9, 12, 26, 36, 48, 20, 0, 0, 0, 1, 4,
    10, 14, 56, 70, 0, 0, 0, 0, 0, 1, 0, 6, 24, 0, 0, 0, 0, 0, 0, 0, 0, 1 ],

    \[ 0, 6, 2, 2, 12, 6, 2, 1, 0, 0, 0, 4, 3, 13, 30, 50, 34, 21, 0, 0, 0, 1, 
    0, 8, 30, 46, 70, 0, 0, 0, 0, 0, 0, 2, 5, 24, 0, 0, 0, 0, 0, 0, 0, 0, 1 ],

    \[ 0, 6, 1, 5, 10, 4, 5, 0, 0, 0, 0, 4, 3, 12, 34, 44, 38, 20, 0, 0, 0, 1, 
    0, 8, 30, 46, 70, 0, 0, 0, 0, 0, 0, 2, 5, 24, 0, 0, 0, 0, 0, 0, 0, 0, 1 ],

    \[ 0, 6, 0, 10, 0, 14, 0, 1, 0, 0, 0, 4, 3, 12, 34, 44, 38, 20, 0, 0, 0, 1, 
    0, 8, 30, 46, 70, 0, 0, 0, 0, 0, 0, 2, 5, 24, 0, 0, 0, 0, 0, 0, 0, 0, 1 ],

    \[ 0, 6, 9, 9, 6, 0, 1, 0, 0, 0, 0, 2, 27, 54, 48, 24, 0, 0, 0, 0, 0, 0, 21,
    63, 71, 0, 0, 0, 0, 0, 0, 0, 7, 24, 0, 0, 0, 0, 0, 0, 0, 0, 1, 0, 0 ],

    \[ 0, 7, 0, 15, 0, 9, 0, 0, 0, 0, 0, 2, 15, 24, 42, 54, 18, 0, 0, 0, 0, 0, 
    8, 18, 60, 69, 0, 0, 0, 0, 0, 0, 1, 6, 24, 0, 0, 0, 0, 0, 0, 0, 0, 1, 0 ],

    \[ 0, 6, 3, 9, 10, 0, 3, 0, 0, 0, 0, 2, 12, 30, 42, 48, 21, 0, 0, 0, 0, 0, 
    7, 21, 57, 70, 0, 0, 0, 0, 0, 0, 1, 6, 24, 0, 0, 0, 0, 0, 0, 0, 0, 1, 0 ],

    \[ 0, 6, 0, 18, 0, 6, 0, 1, 0, 0, 0, 2, 9, 36, 42, 42, 24, 0, 0, 0, 0, 0, 6,
    24, 54, 71, 0, 0, 0, 0, 0, 0, 1, 6, 24, 0, 0, 0, 0, 0, 0, 0, 0, 1, 0 ],

    \[ 0, 6, 1, 9, 6, 0, 9, 0, 0, 0, 0, 2, 9, 24, 12, 36, 54, 18, 0, 0, 0, 0, 6,
    11, 9, 60, 69, 0, 0, 0, 0, 0, 1, 0, 6, 24, 0, 0, 0, 0, 0, 0, 0, 0, 1 ],

    \[ 0, 6, 0, 12, 0, 10, 0, 3, 0, 0, 0, 2, 9, 21, 18, 36, 48, 21, 0, 0, 0, 0, 
    6, 10, 12, 57, 70, 0, 0, 0, 0, 0, 1, 0, 6, 24, 0, 0, 0, 0, 0, 0, 0, 0, 1 ],

    \[ 0, 6, 0, 9, 9, 0, 6, 0, 1, 0, 0, 2, 9, 18, 24, 36, 42, 24, 0, 0, 0, 0, 6,
    9, 15, 54, 71, 0, 0, 0, 0, 0, 1, 0, 6, 24, 0, 0, 0, 0, 0, 0, 0, 0, 1 ],

    \[ 0, 5, 12, 7, 4, 3, 0, 0, 0, 0, 0, 1, 31, 48, 52, 23, 0, 0, 0, 0, 0, 0, 
    21, 63, 71, 0, 0, 0, 0, 0, 0, 0, 7, 24, 0, 0, 0, 0, 0, 0, 0, 0, 1, 0, 0 ],

    \[ 0, 5, 6, 7, 8, 3, 2, 0, 0, 0, 0, 1, 16, 24, 46, 47, 21, 0, 0, 0, 0, 0, 7,
    21, 57, 70, 0, 0, 0, 0, 0, 0, 1, 6, 24, 0, 0, 0, 0, 0, 0, 0, 0, 1, 0 ],

    \[ 0, 4, 9, 5, 6, 6, 1, 0, 0, 0, 0, 1, 15, 28, 40, 51, 20, 0, 0, 0, 0, 0, 7,
    21, 57, 70, 0, 0, 0, 0, 0, 0, 1, 6, 24, 0, 0, 0, 0, 0, 0, 0, 0, 1, 0 ],

    \[ 0, 4, 8, 6, 8, 4, 0, 1, 0, 0, 0, 1, 13, 30, 46, 41, 24, 0, 0, 0, 0, 0, 6,
    24, 54, 71, 0, 0, 0, 0, 0, 0, 1, 6, 24, 0, 0, 0, 0, 0, 0, 0, 0, 1, 0 ],

    \[ 0, 4, 7, 9, 6, 2, 3, 0, 0, 0, 0, 1, 12, 34, 40, 45, 23, 0, 0, 0, 0, 0, 6,
    24, 54, 71, 0, 0, 0, 0, 0, 0, 1, 6, 24, 0, 0, 0, 0, 0, 0, 0, 0, 1, 0 ],

    \[ 0, 4, 7, 3, 6, 6, 3, 2, 0, 0, 0, 1, 12, 19, 16, 39, 47, 21, 0, 0, 0, 0, 
    6, 10, 12, 57, 70, 0, 0, 0, 0, 0, 1, 0, 6, 24, 0, 0, 0, 0, 0, 0, 0, 0, 1 ],

    \[ 0, 4, 6, 6, 4, 4, 6, 1, 0, 0, 0, 1, 12, 18, 20, 33, 51, 20, 0, 0, 0, 0, 
    6, 10, 12, 57, 70, 0, 0, 0, 0, 0, 1, 0, 6, 24, 0, 0, 0, 0, 0, 0, 0, 0, 1 ],

    \[ 0, 4, 6, 5, 5, 6, 4, 0, 1, 0, 0, 1, 12, 16, 22, 39, 41, 24, 0, 0, 0, 0, 
    6, 9, 15, 54, 71, 0, 0, 0, 0, 0, 1, 0, 6, 24, 0, 0, 0, 0, 0, 0, 0, 0, 1 ],

    \[ 0, 4, 6, 4, 8, 4, 2, 3, 0, 0, 0, 1, 12, 15, 26, 33, 45, 23, 0, 0, 0, 0, 
    6, 9, 15, 54, 71, 0, 0, 0, 0, 0, 1, 0, 6, 24, 0, 0, 0, 0, 0, 0, 0, 0, 1 ],

    \[ 0, 5, 4, 7, 12, 3, 0, 0, 0, 0, 0, 1, 11, 20, 60, 51, 12, 0, 0, 0, 0, 0, 
    3, 19, 73, 60, 0, 0, 0, 0, 0, 0, 0, 8, 23, 0, 0, 0, 0, 0, 0, 0, 0, 1, 0 ],

    \[ 0, 5, 0, 19, 0, 7, 0, 0, 0, 0, 0, 1, 7, 30, 54, 49, 14, 0, 0, 0, 0, 0, 2,
    22, 70, 61, 0, 0, 0, 0, 0, 0, 0, 8, 23, 0, 0, 0, 0, 0, 0, 0, 0, 1, 0 ],

    \[ 0, 6, 0, 12, 0, 10, 0, 3, 0, 0, 0, 1, 12, 9, 40, 27, 39, 27, 0, 0, 0, 0, 
    3, 10, 30, 33, 79, 0, 0, 0, 0, 0, 0, 3, 3, 25, 0, 0, 0, 0, 0, 0, 0, 0, 1 ],

    \[ 0, 5, 3, 7, 7, 3, 5, 0, 1, 0, 0, 1, 10, 15, 30, 41, 27, 31, 0, 0, 0, 0, 
    3, 9, 33, 30, 80, 0, 0, 0, 0, 0, 0, 3, 3, 25, 0, 0, 0, 0, 0, 0, 0, 0, 1 ],

    \[ 0, 5, 2, 7, 8, 3, 6, 0, 0, 0, 0, 1, 8, 14, 30, 39, 45, 18, 0, 0, 0, 0, 2,
    9, 25, 50, 69, 0, 0, 0, 0, 0, 0, 2, 5, 24, 0, 0, 0, 0, 0, 0, 0, 0, 1 ],

    \[ 0, 5, 0, 13, 0, 11, 0, 2, 0, 0, 0, 1, 7, 15, 30, 43, 38, 21, 0, 0, 0, 0, 
    2, 8, 28, 47, 70, 0, 0, 0, 0, 0, 0, 2, 5, 24, 0, 0, 0, 0, 0, 0, 0, 0, 1 ],

    \[ 0, 5, 0, 11, 0, 15, 0, 0, 0, 0, 0, 1, 7, 10, 26, 57, 42, 12, 0, 0, 0, 0, 
    2, 4, 26, 63, 60, 0, 0, 0, 0, 0, 0, 1, 7, 23, 0, 0, 0, 0, 0, 0, 0, 0, 1 ],

    \[ 0, 5, 0, 7, 12, 3, 4, 0, 0, 0, 0, 1, 7, 6, 36, 51, 40, 14, 0, 0, 0, 0, 2,
    3, 29, 60, 61, 0, 0, 0, 0, 0, 0, 1, 7, 23, 0, 0, 0, 0, 0, 0, 0, 0, 1 ],

    \[ 0, 4, 5, 9, 10, 2, 1, 0, 0, 0, 0, 1, 7, 30, 54, 49, 14, 0, 0, 0, 0, 0, 2,
    22, 70, 61, 0, 0, 0, 0, 0, 0, 0, 8, 23, 0, 0, 0, 0, 0, 0, 0, 0, 1, 0 ],

    \[ 0, 4, 6, 4, 8, 4, 2, 3, 0, 0, 0, 1, 9, 18, 28, 39, 30, 30, 0, 0, 0, 0, 3,
    9, 33, 30, 80, 0, 0, 0, 0, 0, 0, 3, 3, 25, 0, 0, 0, 0, 0, 0, 0, 0, 1 ],

    \[ 0, 4, 5, 3, 10, 6, 1, 2, 0, 0, 0, 1, 7, 15, 30, 43, 38, 21, 0, 0, 0, 0, 
    2, 8, 28, 47, 70, 0, 0, 0, 0, 0, 0, 2, 5, 24, 0, 0, 0, 0, 0, 0, 0, 0, 1 ],

    \[ 0, 4, 3, 9, 6, 2, 7, 0, 0, 0, 0, 1, 6, 18, 28, 41, 41, 20, 0, 0, 0, 0, 2,
    8, 28, 47, 70, 0, 0, 0, 0, 0, 0, 2, 5, 24, 0, 0, 0, 0, 0, 0, 0, 0, 1 ],

    \[ 0, 4, 4, 6, 8, 4, 4, 1, 0, 0, 0, 1, 6, 19, 24, 47, 37, 21, 0, 0, 0, 0, 2,
    8, 28, 47, 70, 0, 0, 0, 0, 0, 0, 2, 5, 24, 0, 0, 0, 0, 0, 0, 0, 0, 1 ],

    \[ 0, 4, 3, 5, 10, 6, 3, 0, 0, 0, 0, 1, 6, 10, 30, 55, 39, 14, 0, 0, 0, 0, 
    2, 3, 29, 60, 61, 0, 0, 0, 0, 0, 0, 1, 7, 23, 0, 0, 0, 0, 0, 0, 0, 0, 1 ],

    \[ 0, 4, 4, 4, 12, 4, 0, 3, 0, 0, 0, 1, 5, 17, 36, 33, 42, 21, 0, 0, 0, 0, 
    1, 11, 25, 48, 70, 0, 0, 0, 0, 0, 0, 2, 5, 24, 0, 0, 0, 0, 0, 0, 0, 0, 1 ],

    \[ 0, 4, 2, 9, 9, 2, 4, 0, 1, 0, 0, 1, 4, 18, 36, 37, 35, 24, 0, 0, 0, 0, 1,
    10, 28, 45, 71, 0, 0, 0, 0, 0, 0, 2, 5, 24, 0, 0, 0, 0, 0, 0, 0, 0, 1 ],

    \[ 0, 4, 3, 5, 10, 6, 3, 0, 0, 0, 0, 1, 4, 16, 26, 51, 45, 12, 0, 0, 0, 0, 
    1, 7, 23, 64, 60, 0, 0, 0, 0, 0, 0, 1, 7, 23, 0, 0, 0, 0, 0, 0, 0, 0, 1 ],

    \[ 0, 4, 2, 6, 12, 4, 2, 1, 0, 0, 0, 1, 4, 12, 36, 45, 43, 14, 0, 0, 0, 0, 
    1, 6, 26, 61, 61, 0, 0, 0, 0, 0, 0, 1, 7, 23, 0, 0, 0, 0, 0, 0, 0, 0, 1 ],

    \[ 0, 4, 0, 16, 0, 8, 0, 3, 0, 0, 0, 1, 3, 21, 34, 35, 38, 23, 0, 0, 0, 0, 
    1, 10, 28, 45, 71, 0, 0, 0, 0, 0, 0, 2, 5, 24, 0, 0, 0, 0, 0, 0, 0, 0, 1 ],

    \[ 0, 4, 1, 9, 10, 2, 5, 0, 0, 0, 0, 1, 3, 16, 30, 49, 42, 14, 0, 0, 0, 0, 
    1, 6, 26, 61, 61, 0, 0, 0, 0, 0, 0, 1, 7, 23, 0, 0, 0, 0, 0, 0, 0, 0, 1 ],

    \[ 0, 4, 0, 14, 0, 12, 0, 1, 0, 0, 0, 1, 3, 16, 30, 49, 42, 14, 0, 0, 0, 0, 
    1, 6, 26, 61, 61, 0, 0, 0, 0, 0, 0, 1, 7, 23, 0, 0, 0, 0, 0, 0, 0, 0, 1 ],

    \[ 0, 3, 8, 7, 8, 5, 0, 0, 0, 0, 0, 1, 6, 34, 48, 53, 13, 0, 0, 0, 0, 0, 2, 
    22, 70, 61, 0, 0, 0, 0, 0, 0, 0, 8, 23, 0, 0, 0, 0, 0, 0, 0, 0, 1, 0 ],

    \[ 0, 3, 9, 3, 3, 9, 3, 0, 1, 0, 0, 1, 9, 18, 28, 39, 30, 30, 0, 0, 0, 0, 3,
    9, 33, 30, 80, 0, 0, 0, 0, 0, 0, 3, 3, 25, 0, 0, 0, 0, 0, 0, 0, 0, 1 ],

    \[ 0, 3, 7, 4, 6, 7, 3, 1, 0, 0, 0, 1, 6, 18, 28, 41, 41, 20, 0, 0, 0, 0, 2,
    8, 28, 47, 70, 0, 0, 0, 0, 0, 0, 2, 5, 24, 0, 0, 0, 0, 0, 0, 0, 0, 1 ],

    \[ 0, 3, 6, 3, 8, 9, 2, 0, 0, 0, 0, 1, 6, 9, 34, 49, 43, 13, 0, 0, 0, 0, 2, 
    3, 29, 60, 61, 0, 0, 0, 0, 0, 0, 1, 7, 23, 0, 0, 0, 0, 0, 0, 0, 0, 1 ],

    \[ 0, 3, 5, 7, 7, 5, 3, 0, 1, 0, 0, 1, 3, 22, 30, 41, 34, 24, 0, 0, 0, 0, 1,
    10, 28, 45, 71, 0, 0, 0, 0, 0, 0, 2, 5, 24, 0, 0, 0, 0, 0, 0, 0, 0, 1 ],

    \[ 0, 3, 5, 6, 10, 3, 1, 3, 0, 0, 0, 1, 3, 21, 34, 35, 38, 23, 0, 0, 0, 0, 
    1, 10, 28, 45, 71, 0, 0, 0, 0, 0, 0, 2, 5, 24, 0, 0, 0, 0, 0, 0, 0, 0, 1 ],

    \[ 0, 3, 5, 4, 10, 7, 1, 1, 0, 0, 0, 1, 3, 16, 30, 49, 42, 14, 0, 0, 0, 0, 
    1, 6, 26, 61, 61, 0, 0, 0, 0, 0, 0, 1, 7, 23, 0, 0, 0, 0, 0, 0, 0, 0, 1 ],

    \[ 0, 3, 4, 7, 8, 5, 4, 0, 0, 0, 0, 1, 3, 15, 34, 43, 46, 13, 0, 0, 0, 0, 1,
    6, 26, 61, 61, 0, 0, 0, 0, 0, 0, 1, 7, 23, 0, 0, 0, 0, 0, 0, 0, 0, 1 ],

    \[ 0, 3, 4, 3, 12, 9, 0, 0, 0, 0, 0, 1, 0, 18, 22, 63, 45, 6, 0, 0, 0, 0, 0,
    5, 21, 78, 51, 0, 0, 0, 0, 0, 0, 0, 9, 22, 0, 0, 0, 0, 0, 0, 0, 0, 1 ],

    \[ 0, 3, 2, 7, 12, 5, 2, 0, 0, 0, 0, 1, 0, 13, 36, 51, 47, 7, 0, 0, 0, 0, 0,
    4, 24, 75, 52, 0, 0, 0, 0, 0, 0, 0, 9, 22, 0, 0, 0, 0, 0, 0, 0, 0, 1 ],

    \[ 0, 3, 0, 15, 0, 13, 0, 0, 0, 0, 0, 1, 0, 12, 40, 45, 51, 6, 0, 0, 0, 0, 
    0, 4, 24, 75, 52, 0, 0, 0, 0, 0, 0, 0, 9, 22, 0, 0, 0, 0, 0, 0, 0, 0, 1 ],

    \[ 0, 4, 8, 6, 8, 4, 0, 1, 0, 0, 0, 0, 18, 20, 56, 36, 25, 0, 0, 0, 0, 0, 6,
    24, 54, 71, 0, 0, 0, 0, 0, 0, 1, 6, 24, 0, 0, 0, 0, 0, 0, 0, 0, 1, 0 ],

    \[ 0, 3, 10, 7, 4, 5, 2, 0, 0, 0, 0, 0, 16, 28, 44, 44, 23, 0, 0, 0, 0, 0, 
    6, 24, 54, 71, 0, 0, 0, 0, 0, 0, 1, 6, 24, 0, 0, 0, 0, 0, 0, 0, 0, 1, 0 ],

    \[ 0, 3, 9, 3, 3, 9, 3, 0, 1, 0, 0, 0, 15, 15, 16, 48, 36, 25, 0, 0, 0, 0, 
    6, 9, 15, 54, 71, 0, 0, 0, 0, 0, 1, 0, 6, 24, 0, 0, 0, 0, 0, 0, 0, 0, 1 ],

    \[ 0, 3, 8, 5, 4, 5, 4, 2, 0, 0, 0, 0, 15, 13, 24, 36, 44, 23, 0, 0, 0, 0, 
    6, 9, 15, 54, 71, 0, 0, 0, 0, 0, 1, 0, 6, 24, 0, 0, 0, 0, 0, 0, 0, 0, 1 ],

    \[ 0, 3, 8, 7, 8, 5, 0, 0, 0, 0, 0, 0, 11, 24, 58, 48, 14, 0, 0, 0, 0, 0, 2,
    22, 70, 61, 0, 0, 0, 0, 0, 0, 0, 8, 23, 0, 0, 0, 0, 0, 0, 0, 0, 1, 0 ],

    \[ 0, 3, 6, 11, 8, 1, 2, 0, 0, 0, 0, 0, 8, 30, 58, 42, 17, 0, 0, 0, 0, 0, 1,
    25, 67, 62, 0, 0, 0, 0, 0, 0, 0, 8, 23, 0, 0, 0, 0, 0, 0, 0, 0, 1, 0 ],

    \[ 0, 4, 4, 6, 8, 4, 4, 1, 0, 0, 0, 0, 10, 10, 40, 28, 49, 18, 0, 0, 0, 0, 
    1, 12, 22, 51, 69, 0, 0, 0, 0, 0, 0, 2, 5, 24, 0, 0, 0, 0, 0, 0, 0, 0, 1 ],

    \[ 0, 3, 6, 5, 8, 5, 2, 2, 0, 0, 0, 0, 8, 15, 34, 36, 41, 21, 0, 0, 0, 0, 1,
    11, 25, 48, 70, 0, 0, 0, 0, 0, 0, 2, 5, 24, 0, 0, 0, 0, 0, 0, 0, 0, 1 ],

    \[ 0, 3, 5, 7, 7, 5, 3, 0, 1, 0, 0, 0, 7, 17, 30, 46, 30, 25, 0, 0, 0, 0, 1,
    10, 28, 45, 71, 0, 0, 0, 0, 0, 0, 2, 5, 24, 0, 0, 0, 0, 0, 0, 0, 0, 1 ],

    \[ 0, 3, 6, 3, 8, 9, 2, 0, 0, 0, 0, 0, 8, 10, 30, 50, 45, 12, 0, 0, 0, 0, 1,
    7, 23, 64, 60, 0, 0, 0, 0, 0, 0, 1, 7, 23, 0, 0, 0, 0, 0, 0, 0, 0, 1 ],

    \[ 0, 3, 4, 7, 8, 5, 4, 0, 0, 0, 0, 0, 7, 10, 34, 48, 42, 14, 0, 0, 0, 0, 1,
    6, 26, 61, 61, 0, 0, 0, 0, 0, 0, 1, 7, 23, 0, 0, 0, 0, 0, 0, 0, 0, 1 ],

    \[ 0, 3, 4, 5, 12, 5, 0, 2, 0, 0, 0, 0, 7, 7, 40, 48, 36, 17, 0, 0, 0, 0, 1,
    5, 29, 58, 62, 0, 0, 0, 0, 0, 0, 1, 7, 23, 0, 0, 0, 0, 0, 0, 0, 0, 1 ],

    \[ 0, 2, 9, 9, 6, 4, 1, 0, 0, 0, 0, 0, 7, 34, 52, 46, 16, 0, 0, 0, 0, 0, 1, 
    25, 67, 62, 0, 0, 0, 0, 0, 0, 0, 8, 23, 0, 0, 0, 0, 0, 0, 0, 0, 1, 0 ],

    \[ 0, 2, 8, 6, 4, 6, 4, 1, 0, 0, 0, 0, 7, 18, 32, 34, 44, 20, 0, 0, 0, 0, 1,
    11, 25, 48, 70, 0, 0, 0, 0, 0, 0, 2, 5, 24, 0, 0, 0, 0, 0, 0, 0, 0, 1 ],

    \[ 0, 2, 8, 5, 5, 8, 2, 0, 1, 0, 0, 0, 7, 16, 34, 40, 34, 24, 0, 0, 0, 0, 1,
    10, 28, 45, 71, 0, 0, 0, 0, 0, 0, 2, 5, 24, 0, 0, 0, 0, 0, 0, 0, 0, 1 ],

    \[ 0, 2, 7, 7, 6, 4, 3, 2, 0, 0, 0, 0, 6, 19, 32, 38, 37, 23, 0, 0, 0, 0, 1,
    10, 28, 45, 71, 0, 0, 0, 0, 0, 0, 2, 5, 24, 0, 0, 0, 0, 0, 0, 0, 0, 1 ],

    \[ 0, 2, 7, 5, 6, 8, 3, 0, 0, 0, 0, 0, 6, 14, 28, 52, 41, 14, 0, 0, 0, 0, 1,
    6, 26, 61, 61, 0, 0, 0, 0, 0, 0, 1, 7, 23, 0, 0, 0, 0, 0, 0, 0, 0, 1 ],

    \[ 0, 2, 6, 6, 8, 6, 2, 1, 0, 0, 0, 0, 6, 10, 38, 46, 39, 16, 0, 0, 0, 0, 1,
    5, 29, 58, 62, 0, 0, 0, 0, 0, 0, 1, 7, 23, 0, 0, 0, 0, 0, 0, 0, 0, 1 ],

    \[ 0, 2, 6, 10, 4, 2, 6, 1, 0, 0, 0, 0, 5, 23, 26, 42, 36, 23, 0, 0, 0, 0, 
    1, 10, 28, 45, 71, 0, 0, 0, 0, 0, 0, 2, 5, 24, 0, 0, 0, 0, 0, 0, 0, 0, 1 ],

    \[ 0, 2, 6, 6, 8, 6, 2, 1, 0, 0, 0, 0, 5, 15, 28, 56, 34, 17, 0, 0, 0, 0, 1,
    5, 29, 58, 62, 0, 0, 0, 0, 0, 0, 1, 7, 23, 0, 0, 0, 0, 0, 0, 0, 0, 1 ],

    \[ 0, 2, 5, 9, 6, 4, 5, 0, 0, 0, 0, 0, 5, 14, 32, 50, 38, 16, 0, 0, 0, 0, 1,
    5, 29, 58, 62, 0, 0, 0, 0, 0, 0, 1, 7, 23, 0, 0, 0, 0, 0, 0, 0, 0, 1 ],

    \[ 0, 4, 0, 22, 0, 4, 0, 1, 0, 0, 0, 0, 6, 32, 64, 32, 21, 0, 0, 0, 0, 0, 0,
    28, 64, 63, 0, 0, 0, 0, 0, 0, 0, 8, 23, 0, 0, 0, 0, 0, 0, 0, 0, 1, 0 ],

    \[ 0, 4, 0, 14, 0, 12, 0, 1, 0, 0, 0, 0, 6, 12, 36, 40, 49, 12, 0, 0, 0, 0, 
    0, 10, 20, 65, 60, 0, 0, 0, 0, 0, 0, 1, 7, 23, 0, 0, 0, 0, 0, 0, 0, 0, 1 ],

    \[ 0, 3, 2, 11, 8, 1, 6, 0, 0, 0, 0, 0, 4, 16, 34, 42, 45, 14, 0, 0, 0, 0, 
    0, 9, 23, 62, 61, 0, 0, 0, 0, 0, 0, 1, 7, 23, 0, 0, 0, 0, 0, 0, 0, 0, 1 ],

    \[ 0, 3, 0, 17, 0, 9, 0, 2, 0, 0, 0, 0, 3, 17, 34, 46, 38, 17, 0, 0, 0, 0, 
    0, 8, 26, 59, 62, 0, 0, 0, 0, 0, 0, 1, 7, 23, 0, 0, 0, 0, 0, 0, 0, 0, 1 ],

    \[ 0, 3, 1, 11, 11, 1, 3, 0, 1, 0, 0, 0, 3, 15, 36, 52, 28, 21, 0, 0, 0, 0, 
    0, 7, 29, 56, 63, 0, 0, 0, 0, 0, 0, 1, 7, 23, 0, 0, 0, 0, 0, 0, 0, 0, 1 ],

    \[ 0, 4, 0, 6, 16, 4, 0, 1, 0, 0, 0, 0, 6, 0, 48, 48, 45, 8, 0, 0, 0, 0, 0, 
    4, 24, 75, 52, 0, 0, 0, 0, 0, 0, 0, 9, 22, 0, 0, 0, 0, 0, 0, 0, 0, 1 ],

    \[ 0, 3, 4, 7, 8, 5, 4, 0, 0, 0, 0, 0, 5, 16, 30, 44, 48, 12, 0, 0, 0, 0, 0,
    10, 20, 65, 60, 0, 0, 0, 0, 0, 0, 1, 7, 23, 0, 0, 0, 0, 0, 0, 0, 0, 1 ],

    \[ 0, 3, 2, 7, 12, 5, 2, 0, 0, 0, 0, 0, 4, 8, 36, 56, 43, 8, 0, 0, 0, 0, 0, 
    4, 24, 75, 52, 0, 0, 0, 0, 0, 0, 0, 9, 22, 0, 0, 0, 0, 0, 0, 0, 0, 1 ],

    \[ 0, 3, 0, 15, 0, 13, 0, 0, 0, 0, 0, 0, 3, 12, 30, 60, 42, 8, 0, 0, 0, 0, 
    0, 4, 24, 75, 52, 0, 0, 0, 0, 0, 0, 0, 9, 22, 0, 0, 0, 0, 0, 0, 0, 0, 1 ],

    \[ 0, 2, 8, 10, 8, 2, 0, 1, 0, 0, 0, 0, 5, 36, 58, 36, 20, 0, 0, 0, 0, 0, 0,
    28, 64, 63, 0, 0, 0, 0, 0, 0, 0, 8, 23, 0, 0, 0, 0, 0, 0, 0, 0, 1, 0 ],

    \[ 0, 2, 6, 6, 8, 6, 2, 1, 0, 0, 0, 0, 4, 16, 34, 42, 45, 14, 0, 0, 0, 0, 0,
    9, 23, 62, 61, 0, 0, 0, 0, 0, 0, 1, 7, 23, 0, 0, 0, 0, 0, 0, 0, 0, 1 ],

    \[ 0, 2, 4, 10, 8, 2, 4, 1, 0, 0, 0, 0, 3, 16, 38, 40, 42, 16, 0, 0, 0, 0, 
    0, 8, 26, 59, 62, 0, 0, 0, 0, 0, 0, 1, 7, 23, 0, 0, 0, 0, 0, 0, 0, 0, 1 ],

    \[ 0, 2, 5, 9, 6, 4, 5, 0, 0, 0, 0, 0, 3, 20, 28, 46, 44, 14, 0, 0, 0, 0, 0,
    9, 23, 62, 61, 0, 0, 0, 0, 0, 0, 1, 7, 23, 0, 0, 0, 0, 0, 0, 0, 0, 1 ],

    \[ 0, 2, 5, 7, 10, 4, 1, 2, 0, 0, 0, 0, 3, 17, 34, 46, 38, 17, 0, 0, 0, 0, 
    0, 8, 26, 59, 62, 0, 0, 0, 0, 0, 0, 1, 7, 23, 0, 0, 0, 0, 0, 0, 0, 0, 1 ],

    \[ 0, 2, 4, 9, 9, 4, 2, 0, 1, 0, 0, 0, 3, 14, 40, 46, 32, 20, 0, 0, 0, 0, 0,
    7, 29, 56, 63, 0, 0, 0, 0, 0, 0, 1, 7, 23, 0, 0, 0, 0, 0, 0, 0, 0, 1 ],

    \[ 0, 2, 6, 6, 8, 6, 2, 1, 0, 0, 0, 0, 3, 21, 24, 52, 40, 15, 0, 0, 0, 0, 0,
    9, 23, 62, 61, 0, 0, 0, 0, 0, 0, 1, 7, 23, 0, 0, 0, 0, 0, 0, 0, 0, 1 ],

    \[ 0, 2, 4, 6, 12, 6, 0, 1, 0, 0, 0, 0, 3, 8, 40, 54, 40, 10, 0, 0, 0, 0, 0,
    3, 27, 72, 53, 0, 0, 0, 0, 0, 0, 0, 9, 22, 0, 0, 0, 0, 0, 0, 0, 0, 1 ],

    \[ 0, 2, 5, 5, 10, 8, 1, 0, 0, 0, 0, 0, 3, 12, 30, 60, 42, 8, 0, 0, 0, 0, 0,
    4, 24, 75, 52, 0, 0, 0, 0, 0, 0, 0, 9, 22, 0, 0, 0, 0, 0, 0, 0, 0, 1 ],

    \[ 0, 2, 3, 9, 10, 4, 3, 0, 0, 0, 0, 0, 2, 12, 34, 58, 39, 10, 0, 0, 0, 0, 
    0, 3, 27, 72, 53, 0, 0, 0, 0, 0, 0, 0, 9, 22, 0, 0, 0, 0, 0, 0, 0, 0, 1 ],

    \[ 0, 2, 2, 10, 12, 2, 2, 1, 0, 0, 0, 0, 1, 13, 34, 62, 32, 13, 0, 0, 0, 0, 
    0, 2, 30, 69, 54, 0, 0, 0, 0, 0, 0, 0, 9, 22, 0, 0, 0, 0, 0, 0, 0, 0, 1 ],

    \[ 0, 2, 0, 18, 0, 10, 0, 1, 0, 0, 0, 0, 1, 12, 38, 56, 36, 12, 0, 0, 0, 0, 
    0, 2, 30, 69, 54, 0, 0, 0, 0, 0, 0, 0, 9, 22, 0, 0, 0, 0, 0, 0, 0, 0, 1 ],

    \[ 0, 1, 10, 11, 4, 3, 2, 0, 0, 0, 0, 0, 3, 44, 46, 44, 18, 0, 0, 0, 0, 0, 
    0, 28, 64, 63, 0, 0, 0, 0, 0, 0, 0, 8, 23, 0, 0, 0, 0, 0, 0, 0, 0, 1, 0 ],

    \[ 0, 1, 8, 7, 4, 7, 4, 0, 0, 0, 0, 0, 3, 19, 32, 40, 48, 13, 0, 0, 0, 0, 0,
    9, 23, 62, 61, 0, 0, 0, 0, 0, 0, 1, 7, 23, 0, 0, 0, 0, 0, 0, 0, 0, 1 ],

    \[ 0, 1, 7, 8, 6, 5, 3, 1, 0, 0, 0, 0, 2, 20, 32, 44, 41, 16, 0, 0, 0, 0, 0,
    8, 26, 59, 62, 0, 0, 0, 0, 0, 0, 1, 7, 23, 0, 0, 0, 0, 0, 0, 0, 0, 1 ],

    \[ 0, 1, 7, 7, 7, 7, 1, 0, 1, 0, 0, 0, 2, 18, 34, 50, 31, 20, 0, 0, 0, 0, 0,
    7, 29, 56, 63, 0, 0, 0, 0, 0, 0, 1, 7, 23, 0, 0, 0, 0, 0, 0, 0, 0, 1 ],

    \[ 0, 1, 6, 9, 8, 3, 2, 2, 0, 0, 0, 0, 2, 16, 42, 38, 39, 18, 0, 0, 0, 0, 0,
    7, 29, 56, 63, 0, 0, 0, 0, 0, 0, 1, 7, 23, 0, 0, 0, 0, 0, 0, 0, 0, 1 ],

    \[ 0, 1, 6, 7, 8, 7, 2, 0, 0, 0, 0, 0, 3, 6, 48, 42, 48, 8, 0, 0, 0, 0, 0, 
    3, 27, 72, 53, 0, 0, 0, 0, 0, 0, 0, 9, 22, 0, 0, 0, 0, 0, 0, 0, 0, 1 ],

    \[ 0, 1, 6, 7, 8, 7, 2, 0, 0, 0, 0, 0, 2, 11, 38, 52, 43, 9, 0, 0, 0, 0, 0, 
    3, 27, 72, 53, 0, 0, 0, 0, 0, 0, 0, 9, 22, 0, 0, 0, 0, 0, 0, 0, 0, 1 ],

    \[ 0, 1, 6, 7, 8, 7, 2, 0, 0, 0, 0, 0, 1, 16, 28, 62, 38, 10, 0, 0, 0, 0, 0,
    3, 27, 72, 53, 0, 0, 0, 0, 0, 0, 0, 9, 22, 0, 0, 0, 0, 0, 0, 0, 0, 1 ],

    \[ 0, 1, 4, 11, 8, 3, 4, 0, 0, 0, 0, 0, 1, 11, 42, 50, 40, 11, 0, 0, 0, 0, 
    0, 2, 30, 69, 54, 0, 0, 0, 0, 0, 0, 0, 9, 22, 0, 0, 0, 0, 0, 0, 0, 0, 1 ],

    \[ 0, 1, 5, 8, 10, 5, 1, 1, 0, 0, 0, 0, 1, 12, 38, 56, 36, 12, 0, 0, 0, 0, 
    0, 2, 30, 69, 54, 0, 0, 0, 0, 0, 0, 0, 9, 22, 0, 0, 0, 0, 0, 0, 0, 0, 1 ],

    \[ 0, 1, 7, 7, 7, 7, 1, 0, 1, 0, 0, 0, 0, 28, 14, 70, 21, 22, 0, 0, 0, 0, 0,
    7, 29, 56, 63, 0, 0, 0, 0, 0, 0, 1, 7, 23, 0, 0, 0, 0, 0, 0, 0, 0, 1 ],

    \[ 0, 1, 4, 9, 12, 3, 0, 2, 0, 0, 0, 0, 0, 13, 38, 60, 29, 15, 0, 0, 0, 0, 
    0, 1, 33, 66, 55, 0, 0, 0, 0, 0, 0, 0, 9, 22, 0, 0, 0, 0, 0, 0, 0, 0, 1 ],

    \[ 0, 1, 3, 11, 11, 3, 1, 0, 1, 0, 0, 0, 0, 10, 44, 60, 23, 18, 0, 0, 0, 0, 
    0, 0, 36, 63, 56, 0, 0, 0, 0, 0, 0, 0, 9, 22, 0, 0, 0, 0, 0, 0, 0, 0, 1 ],

    \[ 0, 1, 0, 21, 0, 7, 0, 2, 0, 0, 0, 0, 0, 7, 56, 42, 35, 15, 0, 0, 0, 0, 0,
    0, 36, 63, 56, 0, 0, 0, 0, 0, 0, 0, 9, 22, 0, 0, 0, 0, 0, 0, 0, 0, 1 ],

    \[ 0, 0, 8, 10, 4, 4, 4, 1, 0, 0, 0, 0, 0, 24, 30, 46, 37, 18, 0, 0, 0, 0, 
    0, 7, 29, 56, 63, 0, 0, 0, 0, 0, 0, 1, 7, 23, 0, 0, 0, 0, 0, 0, 0, 0, 1 ],

    \[ 0, 0, 7, 9, 6, 6, 3, 0, 0, 0, 0, 0, 0, 15, 36, 54, 39, 11, 0, 0, 0, 0, 0,
    2, 30, 69, 54, 0, 0, 0, 0, 0, 0, 0, 9, 22, 0, 0, 0, 0, 0, 0, 0, 0, 1 ],

    \[ 0, 0, 6, 10, 8, 4, 2, 1, 0, 0, 0, 0, 0, 11, 46, 48, 37, 13, 0, 0, 0, 0, 
    0, 1, 33, 66, 55, 0, 0, 0, 0, 0, 0, 0, 9, 22, 0, 0, 0, 0, 0, 0, 0, 0, 1 ],

    \[ 0, 0, 4, 14, 8, 0, 4, 1, 0, 0, 0, 0, 0, 6, 60, 36, 39, 14, 0, 0, 0, 0, 0,
    0, 36, 63, 56, 0, 0, 0, 0, 0, 0, 0, 9, 22, 0, 0, 0, 0, 0, 0, 0, 0, 1 ],

    \[ 0, 0, 6, 9, 9, 6, 0, 0, 1, 0, 0, 0, 0, 9, 48, 54, 27, 17, 0, 0, 0, 0, 0, 
    0, 36, 63, 56, 0, 0, 0, 0, 0, 0, 0, 9, 22, 0, 0, 0, 0, 0, 0, 0, 0, 1 ]
]
