\[ 4, 2 ] //[n,k]
\[ 6, 6 ]  //[number of different spectrums, number of representatives]
{ RMatrixSpace(IntegerRing(), 2, 4) |
    \[ 0, 1, 2, 0, 0, 0, 0, 1 ],

    \[ 1, 1, 1, 0, 0, 0, 1, 0 ],

    \[ 1, 0, 1, 1, 0, 0, 0, 1 ],

    \[ 0, 3, 0, 0, 0, 0, 1, 0 ],

    \[ 0, 2, 0, 1, 0, 0, 0, 1 ],

    \[ 2, 1, 0, 0, 0, 1, 0, 0 ]
}  // List of spectrums
{ KMatrixSpace(GF(2), 2, 4) |
    [ GF(2) | 1, 0, 0, 0, 0, 1, 1, 0 ],

    [ GF(2) | 1, 0, 1, 0, 0, 1, 1, 0 ],

    [ GF(2) | 1, 1, 0, 0, 0, 0, 1, 1 ],

    [ GF(2) | 1, 0, 0, 0, 0, 1, 1, 1 ],

    [ GF(2) | 1, 0, 0, 0, 0, 1, 0, 0 ],

    [ GF(2) | 1, 0, 1, 1, 0, 1, 1, 1 ]
}  //List of representatives
\[ 4, 3 ]
\[ 4, 4 ]
{ RMatrixSpace(IntegerRing(), 3, 4) |
    \[ 3, 3, 1, 0, 0, 3, 4, 0, 0, 0, 1, 0 ],

    \[ 1, 3, 3, 0, 0, 0, 4, 3, 0, 0, 0, 1 ],

    \[ 0, 6, 0, 1, 0, 0, 4, 3, 0, 0, 0, 1 ],

    \[ 2, 2, 2, 1, 0, 1, 2, 4, 0, 0, 0, 1 ]
}
{ KMatrixSpace(GF(2), 3, 4) |
    [ GF(2) | 1, 0, 0, 0, 0, 1, 0, 0, 0, 0, 1, 0 ],

    [ GF(2) | 1, 0, 0, 1, 0, 1, 0, 1, 0, 0, 1, 1 ],

    [ GF(2) | 1, 0, 0, 0, 0, 1, 0, 0, 0, 0, 1, 1 ],

    [ GF(2) | 1, 0, 0, 0, 0, 1, 0, 1, 0, 0, 1, 1 ]
}
\[ 5, 2 ]
\[ 10, 10 ]
{ RMatrixSpace(IntegerRing(), 2, 5) |
    \[ 2, 1, 0, 0, 0, 0, 1, 0, 0, 0 ],

    \[ 0, 0, 2, 1, 0, 0, 0, 0, 0, 1 ],

    \[ 0, 1, 0, 2, 0, 0, 0, 0, 0, 1 ],

    \[ 0, 1, 1, 0, 1, 0, 0, 0, 0, 1 ],

    \[ 1, 0, 0, 1, 1, 0, 0, 0, 0, 1 ],

    \[ 0, 3, 0, 0, 0, 0, 0, 1, 0, 0 ],

    \[ 1, 1, 1, 0, 0, 0, 0, 1, 0, 0 ],

    \[ 0, 1, 2, 0, 0, 0, 0, 0, 1, 0 ],

    \[ 0, 2, 0, 1, 0, 0, 0, 0, 1, 0 ],

    \[ 1, 0, 1, 1, 0, 0, 0, 0, 1, 0 ]
}
{ KMatrixSpace(GF(2), 2, 5) |
    [ GF(2) | 1, 0, 0, 0, 0, 0, 1, 1, 0, 0 ],

    [ GF(2) | 1, 0, 1, 0, 0, 0, 1, 1, 0, 0 ],

    [ GF(2) | 1, 0, 0, 1, 1, 0, 1, 1, 1, 1 ],

    [ GF(2) | 1, 0, 1, 1, 1, 0, 1, 1, 1, 1 ],

    [ GF(2) | 1, 1, 0, 0, 0, 0, 0, 1, 1, 0 ],

    [ GF(2) | 1, 1, 0, 0, 0, 0, 0, 1, 1, 1 ],

    [ GF(2) | 1, 0, 0, 0, 0, 0, 1, 1, 1, 0 ],

    [ GF(2) | 1, 0, 0, 0, 0, 0, 1, 1, 1, 1 ],

    [ GF(2) | 1, 0, 0, 0, 0, 0, 1, 0, 0, 0 ],

    [ GF(2) | 1, 0, 1, 1, 0, 0, 1, 1, 1, 0 ]
}
\[ 5, 3 ]
\[ 10, 10 ]
{ RMatrixSpace(IntegerRing(), 3, 5) |
    \[ 0, 3, 3, 0, 1, 0, 0, 1, 3, 3, 0, 0, 0, 0, 1 ],

    \[ 0, 2, 4, 1, 0, 0, 0, 0, 5, 2, 0, 0, 0, 0, 1 ],

    \[ 0, 4, 0, 3, 0, 0, 0, 1, 3, 3, 0, 0, 0, 0, 1 ],

    \[ 1, 2, 2, 1, 1, 0, 0, 2, 1, 4, 0, 0, 0, 0, 1 ],

    \[ 1, 1, 3, 2, 0, 0, 0, 1, 3, 3, 0, 0, 0, 0, 1 ],

    \[ 0, 6, 0, 1, 0, 0, 0, 4, 3, 0, 0, 0, 0, 1, 0 ],

    \[ 2, 1, 1, 2, 1, 0, 1, 0, 2, 4, 0, 0, 0, 0, 1 ],

    \[ 1, 3, 3, 0, 0, 0, 0, 4, 3, 0, 0, 0, 0, 1, 0 ],

    \[ 2, 2, 2, 1, 0, 0, 1, 2, 4, 0, 0, 0, 0, 1, 0 ],

    \[ 3, 3, 1, 0, 0, 0, 3, 4, 0, 0, 0, 0, 1, 0, 0 ]
}
{ KMatrixSpace(GF(2), 3, 5) |
    [ GF(2) | 1, 0, 1, 0, 0, 0, 1, 1, 0, 0, 0, 0, 0, 1, 1 ],

    [ GF(2) | 1, 0, 0, 0, 0, 0, 1, 0, 0, 0, 0, 0, 1, 0, 0 ],

    [ GF(2) | 1, 0, 0, 0, 0, 0, 1, 0, 1, 1, 0, 0, 1, 1, 1 ],

    [ GF(2) | 1, 0, 0, 1, 1, 0, 1, 0, 1, 1, 0, 0, 1, 1, 0 ],

    [ GF(2) | 1, 0, 0, 1, 1, 0, 1, 0, 1, 1, 0, 0, 1, 1, 1 ],

    [ GF(2) | 1, 0, 0, 0, 0, 0, 1, 1, 0, 0, 0, 0, 0, 1, 1 ],

    [ GF(2) | 1, 0, 0, 1, 0, 0, 1, 0, 1, 0, 0, 0, 1, 1, 0 ],

    [ GF(2) | 1, 0, 0, 0, 0, 0, 1, 0, 0, 0, 0, 0, 1, 1, 0 ],

    [ GF(2) | 1, 0, 0, 0, 0, 0, 1, 0, 0, 0, 0, 0, 1, 1, 1 ],

    [ GF(2) | 1, 0, 0, 0, 0, 0, 1, 0, 1, 0, 0, 0, 1, 1, 0 ]
}
\[ 6, 2 ]
\[ 16, 16 ]
{ RMatrixSpace(IntegerRing(), 2, 6) |
    \[ 1, 0, 0, 0, 1, 1, 0, 0, 0, 0, 0, 1 ],

    \[ 0, 0, 2, 0, 0, 1, 0, 0, 0, 0, 0, 1 ],

    \[ 2, 1, 0, 0, 0, 0, 0, 1, 0, 0, 0, 0 ],

    \[ 0, 1, 0, 0, 2, 0, 0, 0, 0, 0, 0, 1 ],

    \[ 1, 0, 1, 1, 0, 0, 0, 0, 0, 1, 0, 0 ],

    \[ 0, 0, 0, 3, 0, 0, 0, 0, 0, 0, 0, 1 ],

    \[ 0, 1, 0, 2, 0, 0, 0, 0, 0, 0, 1, 0 ],

    \[ 0, 2, 0, 1, 0, 0, 0, 0, 0, 1, 0, 0 ],

    \[ 1, 0, 0, 1, 1, 0, 0, 0, 0, 0, 1, 0 ],

    \[ 1, 1, 1, 0, 0, 0, 0, 0, 1, 0, 0, 0 ],

    \[ 0, 0, 2, 1, 0, 0, 0, 0, 0, 0, 1, 0 ],

    \[ 0, 1, 2, 0, 0, 0, 0, 0, 0, 1, 0, 0 ],

    \[ 0, 3, 0, 0, 0, 0, 0, 0, 1, 0, 0, 0 ],

    \[ 0, 1, 0, 1, 0, 1, 0, 0, 0, 0, 0, 1 ],

    \[ 0, 0, 1, 1, 1, 0, 0, 0, 0, 0, 0, 1 ],

    \[ 0, 1, 1, 0, 1, 0, 0, 0, 0, 0, 1, 0 ]
}
{ KMatrixSpace(GF(2), 2, 6) |
    [ GF(2) | 1, 1, 0, 0, 1, 1, 0, 0, 1, 1, 1, 1 ],

    [ GF(2) | 1, 0, 0, 0, 0, 0, 0, 1, 1, 1, 0, 0 ],

    [ GF(2) | 1, 0, 0, 0, 0, 0, 0, 1, 1, 1, 1, 0 ],

    [ GF(2) | 1, 0, 0, 0, 0, 0, 0, 1, 0, 0, 0, 0 ],

    [ GF(2) | 1, 0, 0, 0, 0, 0, 0, 1, 1, 1, 1, 1 ],

    [ GF(2) | 1, 0, 1, 1, 0, 0, 0, 1, 1, 1, 0, 0 ],

    [ GF(2) | 1, 1, 0, 0, 0, 0, 0, 0, 1, 1, 0, 0 ],

    [ GF(2) | 1, 0, 0, 0, 0, 0, 0, 1, 1, 0, 0, 0 ],

    [ GF(2) | 1, 1, 0, 0, 0, 0, 0, 0, 1, 1, 1, 0 ],

    [ GF(2) | 1, 1, 1, 0, 0, 0, 0, 0, 0, 1, 1, 1 ],

    [ GF(2) | 1, 0, 1, 0, 0, 0, 0, 1, 1, 0, 0, 0 ],

    [ GF(2) | 1, 0, 0, 1, 1, 0, 0, 1, 1, 1, 1, 0 ],

    [ GF(2) | 1, 1, 0, 0, 0, 0, 0, 0, 1, 1, 1, 1 ],

    [ GF(2) | 1, 0, 0, 1, 1, 1, 0, 1, 1, 1, 1, 1 ],

    [ GF(2) | 1, 0, 1, 1, 1, 0, 0, 1, 1, 1, 1, 0 ],

    [ GF(2) | 1, 0, 1, 1, 1, 1, 0, 1, 1, 1, 1, 1 ]
}
\[ 6, 3 ]
\[ 22, 22 ]
{ RMatrixSpace(IntegerRing(), 3, 6) |
    \[ 0, 3, 0, 3, 0, 1, 0, 0, 0, 3, 0, 4, 0, 0, 0, 0, 0, 1 ],

    \[ 1, 1, 1, 2, 2, 0, 0, 0, 1, 0, 3, 3, 0, 0, 0, 0, 0, 1 ],

    \[ 1, 2, 2, 1, 1, 0, 0, 0, 2, 1, 4, 0, 0, 0, 0, 0, 1, 0 ],

    \[ 2, 2, 2, 1, 0, 0, 0, 1, 2, 4, 0, 0, 0, 0, 0, 1, 0, 0 ],

    \[ 0, 1, 4, 1, 0, 1, 0, 0, 0, 2, 2, 3, 0, 0, 0, 0, 0, 1 ],

    \[ 1, 1, 2, 1, 1, 1, 0, 0, 1, 1, 1, 4, 0, 0, 0, 0, 0, 1 ],

    \[ 0, 2, 2, 1, 2, 0, 0, 0, 0, 2, 2, 3, 0, 0, 0, 0, 0, 1 ],

    \[ 0, 2, 4, 1, 0, 0, 0, 0, 0, 5, 2, 0, 0, 0, 0, 0, 1, 0 ],

    \[ 0, 2, 0, 5, 0, 0, 0, 0, 0, 1, 4, 2, 0, 0, 0, 0, 0, 1 ],

    \[ 1, 0, 2, 3, 1, 0, 0, 0, 0, 2, 2, 3, 0, 0, 0, 0, 0, 1 ],

    \[ 0, 1, 3, 2, 1, 0, 0, 0, 0, 1, 4, 2, 0, 0, 0, 0, 0, 1 ],

    \[ 1, 1, 3, 2, 0, 0, 0, 0, 1, 3, 3, 0, 0, 0, 0, 0, 1, 0 ],

    \[ 1, 3, 3, 0, 0, 0, 0, 0, 4, 3, 0, 0, 0, 0, 0, 1, 0, 0 ],

    \[ 0, 0, 4, 3, 0, 0, 0, 0, 0, 0, 6, 1, 0, 0, 0, 0, 0, 1 ],

    \[ 3, 3, 1, 0, 0, 0, 0, 3, 4, 0, 0, 0, 0, 0, 1, 0, 0, 0 ],

    \[ 2, 1, 1, 2, 1, 0, 0, 1, 0, 2, 4, 0, 0, 0, 0, 0, 1, 0 ],

    \[ 0, 3, 0, 3, 0, 1, 0, 0, 1, 0, 3, 3, 0, 0, 0, 0, 0, 1 ],

    \[ 0, 4, 0, 3, 0, 0, 0, 0, 1, 3, 3, 0, 0, 0, 0, 0, 1, 0 ],

    \[ 0, 6, 0, 1, 0, 0, 0, 0, 4, 3, 0, 0, 0, 0, 0, 1, 0, 0 ],

    \[ 0, 3, 1, 0, 3, 0, 0, 0, 1, 0, 3, 3, 0, 0, 0, 0, 0, 1 ],

    \[ 0, 3, 3, 0, 1, 0, 0, 0, 1, 3, 3, 0, 0, 0, 0, 0, 1, 0 ],

    \[ 2, 1, 0, 1, 2, 1, 0, 1, 0, 0, 2, 4, 0, 0, 0, 0, 0, 1 ]
}
{ KMatrixSpace(GF(2), 3, 6) |
    [ GF(2) | 1, 0, 0, 0, 0, 0, 0, 1, 0, 1, 0, 0, 0, 0, 1, 1, 0, 0 ],

    [ GF(2) | 1, 1, 0, 0, 0, 0, 0, 0, 1, 1, 0, 0, 0, 0, 0, 0, 1, 1 ],

    [ GF(2) | 1, 0, 0, 0, 0, 0, 0, 1, 0, 0, 0, 0, 0, 0, 1, 1, 1, 0 ],

    [ GF(2) | 1, 0, 0, 1, 1, 0, 0, 1, 0, 1, 1, 0, 0, 0, 1, 1, 0, 0 ],

    [ GF(2) | 1, 0, 0, 0, 0, 0, 0, 1, 0, 0, 0, 0, 0, 0, 1, 1, 1, 1 ],

    [ GF(2) | 1, 0, 0, 0, 0, 0, 0, 1, 0, 0, 1, 1, 0, 0, 1, 1, 1, 1 ],

    [ GF(2) | 1, 0, 0, 0, 1, 1, 0, 1, 0, 0, 1, 1, 0, 0, 1, 1, 1, 1 ],

    [ GF(2) | 1, 0, 1, 0, 0, 0, 0, 1, 1, 0, 0, 0, 0, 0, 0, 1, 1, 0 ],

    [ GF(2) | 1, 0, 1, 0, 0, 0, 0, 1, 1, 0, 0, 0, 0, 0, 0, 1, 1, 1 ],

    [ GF(2) | 1, 0, 0, 0, 0, 0, 0, 1, 1, 0, 0, 0, 0, 0, 0, 1, 1, 0 ],

    [ GF(2) | 1, 0, 0, 1, 1, 1, 0, 1, 0, 1, 1, 1, 0, 0, 1, 1, 1, 1 ],

    [ GF(2) | 1, 0, 0, 0, 0, 0, 0, 1, 1, 0, 0, 0, 0, 0, 0, 1, 1, 1 ],

    [ GF(2) | 1, 0, 0, 0, 0, 0, 0, 1, 0, 0, 0, 0, 0, 0, 1, 1, 0, 0 ],

    [ GF(2) | 1, 0, 0, 0, 0, 0, 0, 1, 0, 1, 1, 0, 0, 0, 1, 1, 1, 0 ],

    [ GF(2) | 1, 0, 0, 1, 1, 0, 0, 1, 0, 1, 1, 0, 0, 0, 1, 1, 1, 0 ],

    [ GF(2) | 1, 0, 0, 0, 1, 1, 0, 1, 0, 0, 1, 1, 0, 0, 1, 1, 0, 0 ],

    [ GF(2) | 1, 0, 0, 1, 1, 1, 0, 1, 0, 1, 1, 1, 0, 0, 1, 0, 1, 1 ],

    [ GF(2) | 1, 0, 0, 0, 0, 0, 0, 1, 0, 1, 1, 1, 0, 0, 1, 1, 1, 1 ],

    [ GF(2) | 1, 0, 0, 1, 0, 0, 0, 1, 0, 1, 0, 0, 0, 0, 1, 1, 0, 0 ],

    [ GF(2) | 1, 0, 0, 0, 0, 0, 0, 1, 0, 0, 0, 0, 0, 0, 1, 0, 0, 0 ],

    [ GF(2) | 1, 0, 0, 1, 1, 1, 0, 1, 0, 1, 1, 1, 0, 0, 1, 1, 0, 0 ],

    [ GF(2) | 1, 0, 0, 1, 1, 0, 0, 1, 0, 1, 0, 1, 0, 0, 1, 0, 1, 1 ]
}
\[ 6, 4 ]
\[ 16, 16 ]
{ RMatrixSpace(IntegerRing(), 4, 6) |
    \[ 1, 6, 6, 1, 1, 0, 0, 0, 10, 15, 10, 0, 0, 0, 0, 5, 10, 0, 0, 0, 0, 0, 1, 
    0 ],

    \[ 0, 6, 0, 9, 0, 0, 0, 0, 2, 9, 18, 6, 0, 0, 0, 0, 6, 9, 0, 0, 0, 0, 0, 1 
    ],

    \[ 0, 4, 6, 3, 2, 0, 0, 0, 1, 12, 15, 7, 0, 0, 0, 0, 6, 9, 0, 0, 0, 0, 0, 1 
    ],

    \[ 1, 4, 4, 3, 3, 0, 0, 0, 5, 6, 15, 9, 0, 0, 0, 1, 4, 10, 0, 0, 0, 0, 0, 1 
    ],

    \[ 1, 3, 6, 3, 1, 1, 0, 0, 4, 9, 12, 10, 0, 0, 0, 1, 4, 10, 0, 0, 0, 0, 0, 1
    ],

    \[ 3, 4, 4, 3, 1, 0, 0, 3, 7, 12, 13, 0, 0, 0, 1, 3, 11, 0, 0, 0, 0, 0, 1, 0
    ],

    \[ 0, 10, 0, 5, 0, 0, 0, 0, 10, 15, 10, 0, 0, 0, 0, 5, 10, 0, 0, 0, 0, 0, 1,
    0 ],

    \[ 4, 6, 4, 1, 0, 0, 0, 6, 16, 13, 0, 0, 0, 0, 4, 11, 0, 0, 0, 0, 0, 1, 0, 0
    ],

    \[ 0, 7, 0, 7, 0, 1, 0, 0, 4, 9, 12, 10, 0, 0, 0, 1, 4, 10, 0, 0, 0, 0, 0, 1
    ],

    \[ 0, 6, 4, 1, 4, 0, 0, 0, 4, 9, 12, 10, 0, 0, 0, 1, 4, 10, 0, 0, 0, 0, 0, 1
    ],

    \[ 0, 3, 8, 3, 0, 1, 0, 0, 0, 15, 12, 8, 0, 0, 0, 0, 6, 9, 0, 0, 0, 0, 0, 1 
    ],

    \[ 2, 3, 4, 3, 2, 1, 0, 1, 4, 9, 8, 13, 0, 0, 0, 2, 2, 11, 0, 0, 0, 0, 0, 1 
    ],

    \[ 2, 4, 6, 3, 0, 0, 0, 1, 7, 18, 9, 0, 0, 0, 0, 5, 10, 0, 0, 0, 0, 0, 1, 0 
    ],

    \[ 1, 2, 6, 5, 1, 0, 0, 0, 2, 9, 18, 6, 0, 0, 0, 0, 6, 9, 0, 0, 0, 0, 0, 1 
    ],

    \[ 2, 2, 4, 5, 2, 0, 0, 1, 2, 9, 14, 9, 0, 0, 0, 1, 4, 10, 0, 0, 0, 0, 0, 1 
    ],

    \[ 3, 3, 2, 3, 3, 1, 0, 3, 4, 3, 12, 13, 0, 0, 1, 0, 3, 11, 0, 0, 0, 0, 0, 1
    ]
}
{ KMatrixSpace(GF(2), 4, 6) |
    [ GF(2) | 1, 0, 0, 0, 0, 0, 0, 1, 0, 1, 0, 0, 0, 0, 1, 1, 0, 0, 0, 0, 0, 0, 
    1, 1 ],

    [ GF(2) | 1, 0, 0, 0, 0, 0, 0, 1, 0, 0, 0, 0, 0, 0, 1, 1, 0, 0, 0, 0, 0, 0, 
    1, 1 ],

    [ GF(2) | 1, 0, 0, 1, 0, 0, 0, 1, 0, 1, 0, 0, 0, 0, 1, 1, 0, 0, 0, 0, 0, 0, 
    1, 1 ],

    [ GF(2) | 1, 0, 0, 0, 1, 0, 0, 1, 0, 0, 1, 0, 0, 0, 1, 0, 1, 0, 0, 0, 0, 1, 
    1, 0 ],

    [ GF(2) | 1, 0, 0, 0, 0, 0, 0, 1, 0, 0, 0, 0, 0, 0, 1, 0, 0, 0, 0, 0, 0, 1, 
    0, 0 ],

    [ GF(2) | 1, 0, 0, 0, 0, 0, 0, 1, 0, 0, 0, 0, 0, 0, 1, 0, 0, 0, 0, 0, 0, 1, 
    1, 0 ],

    [ GF(2) | 1, 0, 0, 0, 0, 0, 0, 1, 0, 0, 1, 0, 0, 0, 1, 0, 1, 0, 0, 0, 0, 1, 
    1, 0 ],

    [ GF(2) | 1, 0, 0, 0, 1, 1, 0, 1, 0, 0, 1, 1, 0, 0, 1, 0, 1, 1, 0, 0, 0, 1, 
    1, 0 ],

    [ GF(2) | 1, 0, 0, 0, 0, 0, 0, 1, 0, 0, 1, 1, 0, 0, 1, 0, 1, 1, 0, 0, 0, 1, 
    1, 0 ],

    [ GF(2) | 1, 0, 0, 0, 0, 0, 0, 1, 0, 0, 0, 0, 0, 0, 1, 0, 0, 0, 0, 0, 0, 1, 
    1, 1 ],

    [ GF(2) | 1, 0, 1, 0, 0, 0, 0, 1, 1, 0, 0, 0, 0, 0, 0, 1, 0, 1, 0, 0, 0, 0, 
    1, 1 ],

    [ GF(2) | 1, 0, 0, 1, 0, 1, 0, 1, 0, 1, 0, 1, 0, 0, 1, 1, 0, 0, 0, 0, 0, 0, 
    1, 1 ],

    [ GF(2) | 1, 0, 0, 0, 1, 1, 0, 1, 0, 0, 1, 1, 0, 0, 1, 0, 1, 1, 0, 0, 0, 1, 
    1, 1 ],

    [ GF(2) | 1, 0, 0, 0, 0, 0, 0, 1, 0, 0, 1, 1, 0, 0, 1, 0, 1, 1, 0, 0, 0, 1, 
    1, 1 ],

    [ GF(2) | 1, 0, 0, 0, 0, 0, 0, 1, 0, 0, 0, 0, 0, 0, 1, 0, 1, 0, 0, 0, 0, 1, 
    1, 0 ],

    [ GF(2) | 1, 0, 0, 0, 0, 0, 0, 1, 0, 0, 0, 0, 0, 0, 1, 0, 1, 1, 0, 0, 0, 1, 
    1, 1 ]
}
\[ 7, 2 ]
\[ 23, 23 ]
{ RMatrixSpace(IntegerRing(), 2, 7) |
    \[ 0, 0, 1, 0, 1, 1, 0, 0, 0, 0, 0, 0, 0, 1 ],

    \[ 1, 0, 0, 0, 1, 1, 0, 0, 0, 0, 0, 0, 1, 0 ],

    \[ 0, 1, 2, 0, 0, 0, 0, 0, 0, 0, 1, 0, 0, 0 ],

    \[ 0, 1, 0, 0, 0, 2, 0, 0, 0, 0, 0, 0, 0, 1 ],

    \[ 0, 0, 0, 3, 0, 0, 0, 0, 0, 0, 0, 0, 1, 0 ],

    \[ 0, 1, 0, 0, 1, 0, 1, 0, 0, 0, 0, 0, 0, 1 ],

    \[ 0, 0, 1, 1, 1, 0, 0, 0, 0, 0, 0, 0, 1, 0 ],

    \[ 1, 0, 0, 1, 1, 0, 0, 0, 0, 0, 0, 1, 0, 0 ],

    \[ 1, 0, 0, 0, 0, 1, 1, 0, 0, 0, 0, 0, 0, 1 ],

    \[ 0, 1, 0, 1, 0, 1, 0, 0, 0, 0, 0, 0, 1, 0 ],

    \[ 0, 0, 1, 1, 0, 0, 1, 0, 0, 0, 0, 0, 0, 1 ],

    \[ 0, 1, 0, 2, 0, 0, 0, 0, 0, 0, 0, 1, 0, 0 ],

    \[ 0, 1, 1, 0, 1, 0, 0, 0, 0, 0, 0, 1, 0, 0 ],

    \[ 0, 3, 0, 0, 0, 0, 0, 0, 0, 1, 0, 0, 0, 0 ],

    \[ 1, 1, 1, 0, 0, 0, 0, 0, 0, 1, 0, 0, 0, 0 ],

    \[ 0, 0, 2, 0, 0, 1, 0, 0, 0, 0, 0, 0, 1, 0 ],

    \[ 0, 0, 0, 1, 2, 0, 0, 0, 0, 0, 0, 0, 0, 1 ],

    \[ 0, 0, 2, 1, 0, 0, 0, 0, 0, 0, 0, 1, 0, 0 ],

    \[ 0, 2, 0, 1, 0, 0, 0, 0, 0, 0, 1, 0, 0, 0 ],

    \[ 1, 0, 1, 1, 0, 0, 0, 0, 0, 0, 1, 0, 0, 0 ],

    \[ 2, 1, 0, 0, 0, 0, 0, 0, 1, 0, 0, 0, 0, 0 ],

    \[ 0, 1, 0, 0, 2, 0, 0, 0, 0, 0, 0, 0, 1, 0 ],

    \[ 0, 0, 0, 2, 0, 1, 0, 0, 0, 0, 0, 0, 0, 1 ]
}
{ KMatrixSpace(GF(2), 2, 7) |
    [ GF(2) | 1, 0, 1, 1, 1, 1, 1, 0, 1, 1, 1, 1, 1, 1 ],

    [ GF(2) | 1, 1, 0, 0, 1, 1, 0, 0, 0, 1, 1, 1, 1, 0 ],

    [ GF(2) | 1, 1, 1, 0, 0, 0, 0, 0, 0, 0, 1, 1, 1, 1 ],

    [ GF(2) | 1, 0, 0, 0, 0, 0, 0, 0, 1, 1, 1, 0, 0, 0 ],

    [ GF(2) | 1, 1, 0, 0, 1, 1, 1, 0, 0, 1, 1, 1, 1, 1 ],

    [ GF(2) | 1, 0, 0, 0, 0, 0, 0, 0, 1, 1, 1, 1, 0, 0 ],

    [ GF(2) | 1, 1, 0, 0, 0, 0, 0, 0, 0, 1, 1, 1, 1, 1 ],

    [ GF(2) | 1, 0, 0, 0, 0, 0, 0, 0, 1, 0, 0, 0, 0, 0 ],

    [ GF(2) | 1, 0, 0, 0, 0, 0, 0, 0, 1, 1, 1, 1, 1, 0 ],

    [ GF(2) | 1, 0, 1, 1, 0, 0, 0, 0, 1, 1, 1, 0, 0, 0 ],

    [ GF(2) | 1, 1, 0, 0, 0, 0, 0, 0, 0, 1, 1, 0, 0, 0 ],

    [ GF(2) | 1, 0, 0, 0, 0, 0, 0, 0, 1, 1, 0, 0, 0, 0 ],

    [ GF(2) | 1, 1, 0, 0, 0, 0, 0, 0, 0, 1, 1, 1, 0, 0 ],

    [ GF(2) | 1, 0, 1, 0, 0, 0, 0, 0, 1, 1, 0, 0, 0, 0 ],

    [ GF(2) | 1, 1, 1, 0, 0, 0, 0, 0, 0, 0, 1, 1, 1, 0 ],

    [ GF(2) | 1, 0, 0, 0, 1, 1, 1, 0, 1, 1, 1, 1, 1, 1 ],

    [ GF(2) | 1, 1, 0, 0, 0, 0, 0, 0, 0, 1, 1, 1, 1, 0 ],

    [ GF(2) | 1, 0, 0, 0, 0, 0, 0, 0, 1, 1, 1, 1, 1, 1 ],

    [ GF(2) | 1, 0, 0, 1, 1, 0, 0, 0, 1, 1, 1, 1, 0, 0 ],

    [ GF(2) | 1, 0, 0, 1, 1, 1, 0, 0, 1, 1, 1, 1, 1, 0 ],

    [ GF(2) | 1, 0, 0, 1, 1, 1, 1, 0, 1, 1, 1, 1, 1, 1 ],

    [ GF(2) | 1, 0, 1, 1, 1, 0, 0, 0, 1, 1, 1, 1, 0, 0 ],

    [ GF(2) | 1, 0, 1, 1, 1, 1, 0, 0, 1, 1, 1, 1, 1, 0 ]
}
\[ 7, 3 ]
\[ 43, 43 ]
{ RMatrixSpace(IntegerRing(), 3, 7) |
    \[ 0, 6, 0, 1, 0, 0, 0, 0, 0, 4, 3, 0, 0, 0, 0, 0, 0, 1, 0, 0, 0 ],

    \[ 0, 0, 3, 3, 0, 0, 1, 0, 0, 0, 0, 3, 1, 3, 0, 0, 0, 0, 0, 0, 1 ],

    \[ 0, 1, 4, 1, 0, 1, 0, 0, 0, 0, 2, 2, 3, 0, 0, 0, 0, 0, 0, 1, 0 ],

    \[ 1, 1, 1, 0, 2, 2, 0, 0, 0, 1, 0, 0, 3, 3, 0, 0, 0, 0, 0, 0, 1 ],

    \[ 0, 3, 1, 0, 3, 0, 0, 0, 0, 1, 0, 3, 3, 0, 0, 0, 0, 0, 0, 1, 0 ],

    \[ 1, 0, 2, 2, 0, 1, 1, 0, 0, 0, 2, 0, 1, 4, 0, 0, 0, 0, 0, 0, 1 ],

    \[ 2, 2, 2, 1, 0, 0, 0, 0, 1, 2, 4, 0, 0, 0, 0, 0, 0, 1, 0, 0, 0 ],

    \[ 1, 0, 2, 3, 1, 0, 0, 0, 0, 0, 2, 2, 3, 0, 0, 0, 0, 0, 0, 1, 0 ],

    \[ 0, 1, 1, 2, 3, 0, 0, 0, 0, 0, 0, 2, 3, 2, 0, 0, 0, 0, 0, 0, 1 ],

    \[ 1, 1, 2, 1, 1, 1, 0, 0, 0, 1, 1, 1, 4, 0, 0, 0, 0, 0, 0, 1, 0 ],

    \[ 0, 0, 3, 2, 1, 1, 0, 0, 0, 0, 0, 2, 3, 2, 0, 0, 0, 0, 0, 0, 1 ],

    \[ 0, 3, 3, 0, 1, 0, 0, 0, 0, 1, 3, 3, 0, 0, 0, 0, 0, 0, 1, 0, 0 ],

    \[ 0, 4, 0, 3, 0, 0, 0, 0, 0, 1, 3, 3, 0, 0, 0, 0, 0, 0, 1, 0, 0 ],

    \[ 0, 2, 0, 5, 0, 0, 0, 0, 0, 0, 1, 4, 2, 0, 0, 0, 0, 0, 0, 1, 0 ],

    \[ 0, 1, 3, 0, 1, 2, 0, 0, 0, 0, 1, 1, 2, 3, 0, 0, 0, 0, 0, 0, 1 ],

    \[ 0, 1, 0, 5, 0, 1, 0, 0, 0, 0, 0, 2, 3, 2, 0, 0, 0, 0, 0, 0, 1 ],

    \[ 0, 3, 0, 3, 0, 1, 0, 0, 0, 0, 3, 0, 4, 0, 0, 0, 0, 0, 0, 1, 0 ],

    \[ 1, 0, 0, 3, 3, 0, 0, 0, 0, 0, 0, 3, 1, 3, 0, 0, 0, 0, 0, 0, 1 ],

    \[ 1, 1, 1, 1, 1, 1, 1, 0, 0, 1, 0, 1, 1, 4, 0, 0, 0, 0, 0, 0, 1 ],

    \[ 1, 0, 1, 2, 2, 1, 0, 0, 0, 0, 1, 1, 2, 3, 0, 0, 0, 0, 0, 0, 1 ],

    \[ 0, 1, 2, 2, 1, 0, 1, 0, 0, 0, 1, 1, 2, 3, 0, 0, 0, 0, 0, 0, 1 ],

    \[ 2, 1, 0, 1, 2, 1, 0, 0, 1, 0, 0, 2, 4, 0, 0, 0, 0, 0, 0, 1, 0 ],

    \[ 1, 3, 3, 0, 0, 0, 0, 0, 0, 4, 3, 0, 0, 0, 0, 0, 0, 1, 0, 0, 0 ],

    \[ 0, 0, 0, 7, 0, 0, 0, 0, 0, 0, 0, 0, 7, 0, 0, 0, 0, 0, 0, 0, 1 ],

    \[ 0, 3, 0, 0, 3, 0, 1, 0, 0, 1, 0, 0, 3, 3, 0, 0, 0, 0, 0, 0, 1 ],

    \[ 0, 3, 0, 1, 0, 3, 0, 0, 0, 1, 0, 0, 3, 3, 0, 0, 0, 0, 0, 0, 1 ],

    \[ 0, 2, 4, 1, 0, 0, 0, 0, 0, 0, 5, 2, 0, 0, 0, 0, 0, 0, 1, 0, 0 ],

    \[ 2, 1, 0, 0, 1, 2, 1, 0, 1, 0, 0, 0, 2, 4, 0, 0, 0, 0, 0, 0, 1 ],

    \[ 0, 0, 2, 3, 2, 0, 0, 0, 0, 0, 0, 1, 5, 1, 0, 0, 0, 0, 0, 0, 1 ],

    \[ 0, 2, 0, 1, 4, 0, 0, 0, 0, 0, 1, 0, 4, 2, 0, 0, 0, 0, 0, 0, 1 ],

    \[ 1, 1, 1, 2, 2, 0, 0, 0, 0, 1, 0, 3, 3, 0, 0, 0, 0, 0, 0, 1, 0 ],

    \[ 1, 2, 2, 1, 1, 0, 0, 0, 0, 2, 1, 4, 0, 0, 0, 0, 0, 0, 1, 0, 0 ],

    \[ 0, 2, 2, 1, 2, 0, 0, 0, 0, 0, 2, 2, 3, 0, 0, 0, 0, 0, 0, 1, 0 ],

    \[ 0, 1, 2, 1, 2, 1, 0, 0, 0, 0, 0, 3, 1, 3, 0, 0, 0, 0, 0, 0, 1 ],

    \[ 3, 3, 1, 0, 0, 0, 0, 0, 3, 4, 0, 0, 0, 0, 0, 0, 1, 0, 0, 0, 0 ],

    \[ 0, 0, 4, 3, 0, 0, 0, 0, 0, 0, 0, 6, 1, 0, 0, 0, 0, 0, 0, 1, 0 ],

    \[ 1, 1, 3, 2, 0, 0, 0, 0, 0, 1, 3, 3, 0, 0, 0, 0, 0, 0, 1, 0, 0 ],

    \[ 0, 2, 1, 1, 2, 0, 1, 0, 0, 0, 1, 2, 0, 4, 0, 0, 0, 0, 0, 0, 1 ],

    \[ 2, 1, 1, 2, 1, 0, 0, 0, 1, 0, 2, 4, 0, 0, 0, 0, 0, 0, 1, 0, 0 ],

    \[ 0, 2, 0, 3, 0, 2, 0, 0, 0, 0, 1, 1, 2, 3, 0, 0, 0, 0, 0, 0, 1 ],

    \[ 0, 1, 2, 1, 2, 1, 0, 0, 0, 0, 1, 0, 4, 2, 0, 0, 0, 0, 0, 0, 1 ],

    \[ 0, 3, 0, 3, 0, 1, 0, 0, 0, 1, 0, 3, 3, 0, 0, 0, 0, 0, 0, 1, 0 ],

    \[ 0, 1, 3, 2, 1, 0, 0, 0, 0, 0, 1, 4, 2, 0, 0, 0, 0, 0, 0, 1, 0 ]
}
{ KMatrixSpace(GF(2), 3, 7) |
    [ GF(2) | 1, 0, 0, 1, 1, 0, 0, 0, 1, 0, 1, 1, 0, 0, 0, 0, 1, 1, 0, 0, 0 ],

    [ GF(2) | 1, 0, 0, 1, 1, 0, 0, 0, 1, 0, 0, 0, 1, 1, 0, 0, 1, 1, 1, 1, 1 ],

    [ GF(2) | 1, 0, 0, 0, 0, 0, 0, 0, 1, 0, 0, 1, 1, 1, 0, 0, 1, 1, 1, 1, 1 ],

    [ GF(2) | 1, 0, 0, 1, 1, 1, 1, 0, 1, 0, 1, 1, 1, 1, 0, 0, 1, 1, 1, 0, 0 ],

    [ GF(2) | 1, 0, 0, 1, 1, 1, 0, 0, 1, 0, 1, 1, 1, 0, 0, 0, 1, 1, 1, 1, 0 ],

    [ GF(2) | 1, 0, 0, 0, 0, 0, 0, 0, 1, 0, 1, 1, 0, 0, 0, 0, 1, 1, 1, 0, 0 ],

    [ GF(2) | 1, 0, 0, 0, 0, 0, 0, 0, 1, 0, 0, 0, 0, 0, 0, 0, 1, 1, 1, 1, 1 ],

    [ GF(2) | 1, 0, 0, 0, 0, 0, 0, 0, 1, 0, 1, 1, 1, 1, 0, 0, 1, 1, 1, 1, 1 ],

    [ GF(2) | 1, 0, 0, 1, 0, 1, 1, 0, 1, 0, 1, 1, 0, 1, 0, 0, 1, 1, 1, 1, 0 ],

    [ GF(2) | 1, 0, 0, 0, 0, 0, 0, 0, 1, 1, 0, 0, 0, 0, 0, 0, 0, 1, 1, 1, 0 ],

    [ GF(2) | 1, 0, 0, 0, 1, 1, 1, 0, 1, 0, 0, 1, 1, 1, 0, 0, 1, 1, 1, 1, 1 ],

    [ GF(2) | 1, 0, 1, 0, 0, 0, 0, 0, 1, 1, 0, 0, 0, 0, 0, 0, 0, 1, 1, 1, 0 ],

    [ GF(2) | 1, 0, 0, 0, 0, 0, 0, 0, 1, 1, 1, 0, 0, 0, 0, 0, 0, 0, 1, 1, 1 ],

    [ GF(2) | 1, 0, 0, 0, 0, 0, 0, 0, 1, 0, 0, 0, 0, 0, 0, 0, 1, 1, 0, 0, 0 ],

    [ GF(2) | 1, 0, 0, 0, 0, 0, 0, 0, 1, 0, 0, 1, 1, 0, 0, 0, 1, 1, 1, 1, 0 ],

    [ GF(2) | 1, 0, 0, 1, 1, 0, 0, 0, 1, 0, 1, 1, 0, 0, 0, 0, 1, 1, 1, 0, 0 ],

    [ GF(2) | 1, 0, 0, 1, 1, 1, 0, 0, 1, 0, 1, 1, 1, 0, 0, 0, 1, 0, 1, 1, 0 ],

    [ GF(2) | 1, 0, 1, 1, 0, 0, 0, 0, 1, 1, 1, 0, 0, 0, 0, 0, 0, 0, 1, 1, 1 ],

    [ GF(2) | 1, 0, 0, 0, 0, 0, 0, 0, 1, 1, 0, 0, 0, 0, 0, 0, 0, 1, 1, 0, 0 ],

    [ GF(2) | 1, 0, 0, 0, 0, 0, 0, 0, 1, 0, 1, 0, 0, 0, 0, 0, 1, 1, 0, 0, 0 ],

    [ GF(2) | 1, 0, 0, 1, 1, 0, 0, 0, 1, 0, 1, 0, 1, 1, 0, 0, 1, 0, 1, 1, 1 ],

    [ GF(2) | 1, 0, 0, 0, 1, 1, 1, 0, 1, 0, 0, 1, 1, 1, 0, 0, 1, 1, 0, 0, 0 ],

    [ GF(2) | 1, 0, 0, 0, 0, 0, 0, 0, 1, 0, 1, 1, 1, 0, 0, 0, 1, 1, 1, 1, 0 ],

    [ GF(2) | 1, 0, 0, 0, 0, 0, 0, 0, 1, 1, 0, 0, 1, 1, 0, 0, 0, 1, 1, 1, 1 ],

    [ GF(2) | 1, 0, 1, 0, 0, 0, 0, 0, 1, 1, 0, 0, 0, 0, 0, 0, 0, 1, 1, 0, 0 ],

    [ GF(2) | 1, 0, 0, 1, 1, 1, 1, 0, 1, 0, 1, 1, 1, 1, 0, 0, 1, 1, 1, 1, 1 ],

    [ GF(2) | 1, 0, 0, 0, 0, 0, 0, 0, 1, 0, 0, 0, 0, 0, 0, 0, 1, 1, 1, 1, 0 ],

    [ GF(2) | 1, 1, 0, 0, 0, 0, 0, 0, 0, 1, 1, 0, 0, 0, 0, 0, 0, 0, 1, 1, 1 ],

    [ GF(2) | 1, 0, 0, 1, 0, 0, 0, 0, 1, 0, 1, 0, 0, 0, 0, 0, 1, 1, 0, 0, 0 ],

    [ GF(2) | 1, 0, 0, 0, 0, 1, 1, 0, 1, 1, 0, 0, 1, 1, 0, 0, 0, 1, 1, 1, 1 ],

    [ GF(2) | 1, 0, 1, 0, 0, 1, 1, 0, 1, 1, 0, 0, 1, 1, 0, 0, 0, 1, 1, 1, 1 ],

    [ GF(2) | 1, 0, 0, 0, 0, 0, 0, 0, 1, 0, 0, 0, 0, 0, 0, 0, 1, 0, 0, 0, 0 ],

    [ GF(2) | 1, 0, 0, 0, 1, 1, 0, 0, 1, 0, 0, 1, 1, 0, 0, 0, 1, 1, 0, 0, 0 ],

    [ GF(2) | 1, 0, 0, 1, 1, 1, 1, 0, 1, 0, 1, 1, 1, 1, 0, 0, 1, 1, 0, 0, 0 ],

    [ GF(2) | 1, 1, 0, 0, 0, 0, 0, 0, 0, 1, 0, 0, 1, 1, 0, 0, 0, 1, 1, 1, 1 ],

    [ GF(2) | 1, 0, 0, 0, 0, 0, 0, 0, 1, 0, 0, 0, 0, 0, 0, 0, 1, 1, 1, 0, 0 ],

    [ GF(2) | 1, 0, 0, 1, 1, 0, 0, 0, 1, 0, 1, 0, 1, 0, 0, 0, 1, 0, 1, 1, 0 ],

    [ GF(2) | 1, 0, 0, 1, 1, 1, 1, 0, 1, 0, 1, 1, 1, 1, 0, 0, 1, 0, 1, 1, 1 ],

    [ GF(2) | 1, 0, 0, 0, 0, 0, 0, 0, 1, 1, 0, 0, 0, 0, 0, 0, 0, 1, 1, 1, 1 ],

    [ GF(2) | 1, 0, 0, 0, 1, 1, 0, 0, 1, 0, 0, 1, 1, 0, 0, 0, 1, 1, 1, 1, 0 ],

    [ GF(2) | 1, 0, 0, 1, 1, 1, 0, 0, 1, 0, 1, 1, 1, 0, 0, 0, 1, 1, 0, 0, 0 ],

    [ GF(2) | 1, 0, 1, 0, 0, 0, 0, 0, 1, 1, 0, 0, 0, 0, 0, 0, 0, 1, 1, 1, 1 ],

    [ GF(2) | 1, 1, 0, 0, 0, 0, 0, 0, 0, 1, 1, 0, 0, 0, 0, 0, 0, 0, 1, 1, 0 ]
}
\[ 7, 4 ]
\[ 43, 43 ]
{ RMatrixSpace(IntegerRing(), 4, 7) |
    \[ 0, 10, 0, 5, 0, 0, 0, 0, 0, 10, 15, 10, 0, 0, 0, 0, 0, 5, 10, 0, 0, 0, 0,
    0, 0, 1, 0, 0 ],

    \[ 1, 6, 6, 1, 1, 0, 0, 0, 0, 10, 15, 10, 0, 0, 0, 0, 0, 5, 10, 0, 0, 0, 0, 
    0, 0, 1, 0, 0 ],

    \[ 2, 1, 2, 5, 4, 1, 0, 0, 1, 0, 4, 11, 10, 9, 0, 0, 0, 0, 2, 3, 10, 0, 0, 
    0, 0, 0, 0, 1 ],

    \[ 0, 7, 0, 7, 0, 1, 0, 0, 0, 4, 9, 12, 10, 0, 0, 0, 0, 1, 4, 10, 0, 0, 0, 
    0, 0, 0, 1, 0 ],

    \[ 0, 6, 4, 1, 4, 0, 0, 0, 0, 4, 9, 12, 10, 0, 0, 0, 0, 1, 4, 10, 0, 0, 0, 
    0, 0, 0, 1, 0 ],

    \[ 1, 2, 2, 5, 5, 0, 0, 0, 0, 2, 1, 12, 14, 6, 0, 0, 0, 0, 1, 5, 9, 0, 0, 0,
    0, 0, 0, 1 ],

    \[ 1, 3, 6, 3, 1, 1, 0, 0, 0, 4, 9, 12, 10, 0, 0, 0, 0, 1, 4, 10, 0, 0, 0, 
    0, 0, 0, 1, 0 ],

    \[ 2, 2, 4, 5, 2, 0, 0, 0, 1, 2, 9, 14, 9, 0, 0, 0, 0, 1, 4, 10, 0, 0, 0, 0,
    0, 0, 1, 0 ],

    \[ 0, 3, 8, 3, 0, 1, 0, 0, 0, 0, 15, 12, 8, 0, 0, 0, 0, 0, 6, 9, 0, 0, 0, 0,
    0, 0, 1, 0 ],

    \[ 1, 3, 3, 3, 3, 1, 1, 0, 0, 3, 3, 12, 4, 13, 0, 0, 0, 0, 3, 1, 11, 0, 0, 
    0, 0, 0, 0, 1 ],

    \[ 3, 4, 4, 3, 1, 0, 0, 0, 3, 7, 12, 13, 0, 0, 0, 0, 1, 3, 11, 0, 0, 0, 0, 
    0, 0, 1, 0, 0 ],

    \[ 0, 2, 6, 3, 2, 2, 0, 0, 0, 0, 6, 9, 13, 7, 0, 0, 0, 0, 1, 5, 9, 0, 0, 0, 
    0, 0, 0, 1 ],

    \[ 0, 3, 4, 3, 4, 1, 0, 0, 0, 0, 7, 6, 16, 6, 0, 0, 0, 0, 1, 5, 9, 0, 0, 0, 
    0, 0, 0, 1 ],

    \[ 1, 3, 3, 3, 3, 1, 1, 0, 0, 4, 3, 6, 12, 10, 0, 0, 0, 1, 0, 4, 10, 0, 0, 
    0, 0, 0, 0, 1 ],

    \[ 0, 6, 1, 1, 6, 0, 1, 0, 0, 4, 3, 6, 12, 10, 0, 0, 0, 1, 0, 4, 10, 0, 0, 
    0, 0, 0, 0, 1 ],

    \[ 0, 6, 0, 5, 0, 4, 0, 0, 0, 4, 3, 6, 12, 10, 0, 0, 0, 1, 0, 4, 10, 0, 0, 
    0, 0, 0, 0, 1 ],

    \[ 1, 3, 4, 1, 3, 3, 0, 0, 0, 4, 4, 3, 15, 9, 0, 0, 0, 1, 0, 4, 10, 0, 0, 0,
    0, 0, 0, 1 ],

    \[ 2, 3, 4, 3, 2, 1, 0, 0, 1, 4, 9, 8, 13, 0, 0, 0, 0, 2, 2, 11, 0, 0, 0, 0,
    0, 0, 1, 0 ],

    \[ 1, 4, 4, 3, 3, 0, 0, 0, 0, 5, 6, 15, 9, 0, 0, 0, 0, 1, 4, 10, 0, 0, 0, 0,
    0, 0, 1, 0 ],

    \[ 3, 3, 1, 1, 3, 3, 1, 0, 3, 4, 0, 3, 12, 13, 0, 0, 1, 0, 0, 3, 11, 0, 0, 
    0, 0, 0, 0, 1 ],

    \[ 0, 4, 2, 3, 6, 0, 0, 0, 0, 1, 4, 9, 15, 6, 0, 0, 0, 0, 1, 5, 9, 0, 0, 0, 
    0, 0, 0, 1 ],

    \[ 1, 1, 4, 5, 3, 1, 0, 0, 0, 1, 4, 9, 15, 6, 0, 0, 0, 0, 1, 5, 9, 0, 0, 0, 
    0, 0, 0, 1 ],

    \[ 0, 0, 7, 7, 0, 0, 1, 0, 0, 0, 0, 21, 7, 7, 0, 0, 0, 0, 0, 7, 8, 0, 0, 0, 
    0, 0, 0, 1 ],

    \[ 0, 2, 4, 5, 4, 0, 0, 0, 0, 0, 3, 12, 16, 4, 0, 0, 0, 0, 0, 7, 8, 0, 0, 0,
    0, 0, 0, 1 ],

    \[ 0, 3, 0, 11, 0, 1, 0, 0, 0, 0, 3, 12, 16, 4, 0, 0, 0, 0, 0, 7, 8, 0, 0, 
    0, 0, 0, 0, 1 ],

    \[ 0, 4, 6, 3, 2, 0, 0, 0, 0, 1, 12, 15, 7, 0, 0, 0, 0, 0, 6, 9, 0, 0, 0, 0,
    0, 0, 1, 0 ],

    \[ 4, 6, 4, 1, 0, 0, 0, 0, 6, 16, 13, 0, 0, 0, 0, 0, 4, 11, 0, 0, 0, 0, 0, 
    0, 1, 0, 0, 0 ],

    \[ 2, 4, 6, 3, 0, 0, 0, 0, 1, 7, 18, 9, 0, 0, 0, 0, 0, 5, 10, 0, 0, 0, 0, 0,
    0, 1, 0, 0 ],

    \[ 0, 1, 6, 5, 2, 1, 0, 0, 0, 0, 2, 15, 13, 5, 0, 0, 0, 0, 0, 7, 8, 0, 0, 0,
    0, 0, 0, 1 ],

    \[ 1, 2, 6, 5, 1, 0, 0, 0, 0, 2, 9, 18, 6, 0, 0, 0, 0, 0, 6, 9, 0, 0, 0, 0, 
    0, 0, 1, 0 ],

    \[ 0, 6, 0, 9, 0, 0, 0, 0, 0, 2, 9, 18, 6, 0, 0, 0, 0, 0, 6, 9, 0, 0, 0, 0, 
    0, 0, 1, 0 ],

    \[ 0, 4, 0, 9, 0, 2, 0, 0, 0, 1, 3, 12, 12, 7, 0, 0, 0, 0, 1, 5, 9, 0, 0, 0,
    0, 0, 0, 1 ],

    \[ 0, 3, 4, 3, 4, 1, 0, 0, 0, 1, 3, 12, 12, 7, 0, 0, 0, 0, 1, 5, 9, 0, 0, 0,
    0, 0, 0, 1 ],

    \[ 1, 0, 4, 7, 3, 0, 0, 0, 0, 0, 4, 9, 19, 3, 0, 0, 0, 0, 0, 7, 8, 0, 0, 0, 
    0, 0, 0, 1 ],

    \[ 0, 4, 3, 3, 4, 0, 1, 0, 0, 1, 6, 9, 9, 10, 0, 0, 0, 0, 2, 3, 10, 0, 0, 0,
    0, 0, 0, 1 ],

    \[ 1, 1, 5, 5, 1, 1, 1, 0, 0, 1, 6, 9, 9, 10, 0, 0, 0, 0, 2, 3, 10, 0, 0, 0,
    0, 0, 0, 1 ],

    \[ 3, 3, 2, 3, 3, 1, 0, 0, 3, 4, 3, 12, 13, 0, 0, 0, 1, 0, 3, 11, 0, 0, 0, 
    0, 0, 0, 1, 0 ],

    \[ 0, 3, 6, 1, 2, 3, 0, 0, 0, 1, 6, 9, 9, 10, 0, 0, 0, 0, 2, 3, 10, 0, 0, 0,
    0, 0, 0, 1 ],

    \[ 0, 5, 0, 7, 0, 3, 0, 0, 0, 1, 7, 6, 12, 9, 0, 0, 0, 0, 2, 3, 10, 0, 0, 0,
    0, 0, 0, 1 ],

    \[ 2, 2, 3, 3, 2, 2, 1, 0, 1, 2, 6, 5, 8, 13, 0, 0, 0, 1, 1, 2, 11, 0, 0, 0,
    0, 0, 0, 1 ],

    \[ 2, 2, 2, 3, 4, 2, 0, 0, 1, 2, 4, 5, 14, 9, 0, 0, 0, 1, 0, 4, 10, 0, 0, 0,
    0, 0, 0, 1 ],

    \[ 0, 2, 5, 5, 2, 0, 1, 0, 0, 0, 5, 12, 10, 8, 0, 0, 0, 0, 1, 5, 9, 0, 0, 0,
    0, 0, 0, 1 ],

    \[ 1, 2, 4, 3, 3, 2, 0, 0, 0, 2, 4, 9, 11, 9, 0, 0, 0, 0, 2, 3, 10, 0, 0, 0,
    0, 0, 0, 1 ]
}
{ KMatrixSpace(GF(2), 4, 7) |
    [ GF(2) | 1, 0, 0, 0, 0, 0, 0, 0, 1, 0, 0, 0, 0, 0, 0, 0, 1, 0, 1, 1, 1, 0, 
    0, 0, 1, 1, 1, 1 ],

    [ GF(2) | 1, 0, 0, 0, 0, 0, 0, 0, 1, 0, 0, 0, 0, 0, 0, 0, 1, 0, 0, 0, 0, 0, 
    0, 0, 1, 1, 1, 0 ],

    [ GF(2) | 1, 0, 0, 1, 0, 1, 0, 0, 1, 0, 1, 0, 1, 0, 0, 0, 1, 1, 0, 0, 0, 0, 
    0, 0, 0, 1, 1, 0 ],

    [ GF(2) | 1, 0, 0, 0, 1, 0, 0, 0, 1, 0, 0, 1, 0, 0, 0, 0, 1, 0, 1, 0, 0, 0, 
    0, 0, 1, 1, 0, 0 ],

    [ GF(2) | 1, 0, 0, 0, 1, 1, 1, 0, 1, 0, 0, 1, 1, 1, 0, 0, 1, 0, 1, 1, 1, 0, 
    0, 0, 1, 1, 1, 1 ],

    [ GF(2) | 1, 0, 0, 0, 0, 1, 1, 0, 1, 0, 0, 0, 1, 1, 0, 0, 1, 0, 0, 1, 1, 0, 
    0, 0, 1, 1, 1, 1 ],

    [ GF(2) | 1, 0, 0, 0, 0, 0, 0, 0, 1, 0, 0, 1, 1, 1, 0, 0, 1, 0, 1, 1, 1, 0, 
    0, 0, 1, 1, 1, 1 ],

    [ GF(2) | 1, 0, 0, 0, 0, 0, 0, 0, 1, 0, 0, 1, 1, 0, 0, 0, 1, 0, 1, 1, 0, 0, 
    0, 0, 1, 1, 1, 0 ],

    [ GF(2) | 1, 0, 1, 0, 0, 0, 0, 0, 1, 1, 0, 0, 0, 0, 0, 0, 0, 1, 0, 1, 0, 0, 
    0, 0, 0, 1, 1, 0 ],

    [ GF(2) | 1, 0, 0, 0, 1, 1, 1, 0, 1, 0, 0, 1, 1, 1, 0, 0, 1, 0, 1, 1, 1, 0, 
    0, 0, 1, 0, 1, 1 ],

    [ GF(2) | 1, 0, 0, 1, 0, 0, 0, 0, 1, 0, 1, 0, 0, 0, 0, 0, 1, 1, 0, 0, 0, 0, 
    0, 0, 0, 1, 1, 1 ],

    [ GF(2) | 1, 0, 0, 0, 0, 0, 0, 0, 1, 0, 0, 1, 1, 1, 0, 0, 1, 0, 1, 1, 1, 0, 
    0, 0, 1, 0, 1, 1 ],

    [ GF(2) | 1, 0, 0, 0, 0, 0, 0, 0, 1, 0, 0, 0, 0, 0, 0, 0, 1, 0, 0, 0, 0, 0, 
    0, 0, 1, 1, 0, 0 ],

    [ GF(2) | 1, 0, 0, 0, 0, 0, 0, 0, 1, 0, 0, 1, 1, 0, 0, 0, 1, 0, 1, 0, 1, 0, 
    0, 0, 1, 0, 1, 1 ],

    [ GF(2) | 1, 0, 0, 0, 0, 1, 1, 0, 1, 0, 0, 0, 1, 1, 0, 0, 1, 0, 1, 1, 1, 0, 
    0, 0, 1, 1, 1, 1 ],

    [ GF(2) | 1, 0, 0, 0, 0, 0, 0, 0, 1, 0, 0, 0, 0, 0, 0, 0, 1, 1, 0, 0, 0, 0, 
    0, 0, 0, 1, 1, 1 ],

    [ GF(2) | 1, 0, 0, 0, 0, 0, 0, 0, 1, 0, 0, 0, 0, 0, 0, 0, 1, 0, 0, 0, 0, 0, 
    0, 0, 1, 0, 0, 0 ],

    [ GF(2) | 1, 0, 0, 0, 0, 0, 0, 0, 1, 0, 0, 0, 1, 1, 0, 0, 1, 0, 0, 1, 1, 0, 
    0, 0, 1, 1, 0, 0 ],

    [ GF(2) | 1, 0, 0, 0, 0, 0, 0, 0, 1, 0, 0, 1, 1, 0, 0, 0, 1, 0, 1, 1, 0, 0, 
    0, 0, 1, 1, 0, 0 ],

    [ GF(2) | 1, 0, 0, 0, 0, 0, 0, 0, 1, 0, 1, 0, 0, 0, 0, 0, 1, 1, 0, 0, 0, 0, 
    0, 0, 0, 1, 1, 1 ],

    [ GF(2) | 1, 0, 0, 0, 0, 0, 0, 0, 1, 0, 0, 0, 0, 0, 0, 0, 1, 0, 1, 0, 0, 0, 
    0, 0, 1, 1, 0, 0 ],

    [ GF(2) | 1, 0, 0, 0, 0, 1, 1, 0, 1, 0, 0, 1, 0, 1, 0, 0, 1, 0, 1, 1, 0, 0, 
    0, 0, 1, 1, 1, 1 ],

    [ GF(2) | 1, 0, 0, 1, 0, 1, 1, 0, 1, 0, 1, 0, 1, 1, 0, 0, 1, 1, 0, 0, 0, 0, 
    0, 0, 0, 1, 1, 1 ],

    [ GF(2) | 1, 0, 1, 0, 0, 0, 0, 0, 1, 1, 0, 0, 0, 0, 0, 0, 0, 1, 0, 1, 1, 0, 
    0, 0, 0, 1, 1, 1 ],

    [ GF(2) | 1, 0, 0, 1, 0, 0, 0, 0, 1, 0, 1, 0, 0, 0, 0, 0, 1, 1, 0, 0, 0, 0, 
    0, 0, 0, 1, 1, 0 ],

    [ GF(2) | 1, 0, 0, 0, 0, 0, 0, 0, 1, 0, 0, 1, 0, 0, 0, 0, 1, 0, 1, 0, 0, 0, 
    0, 0, 1, 1, 0, 0 ],

    [ GF(2) | 1, 0, 0, 0, 0, 0, 0, 0, 1, 0, 0, 0, 0, 0, 0, 0, 1, 0, 1, 1, 0, 0, 
    0, 0, 1, 1, 1, 0 ],

    [ GF(2) | 1, 0, 0, 0, 0, 0, 0, 0, 1, 0, 0, 0, 0, 0, 0, 0, 1, 0, 0, 0, 0, 0, 
    0, 0, 1, 1, 1, 1 ],

    [ GF(2) | 1, 0, 0, 0, 1, 1, 1, 0, 1, 0, 0, 1, 1, 1, 0, 0, 1, 0, 1, 1, 1, 0, 
    0, 0, 1, 1, 0, 0 ],

    [ GF(2) | 1, 0, 0, 0, 0, 1, 1, 0, 1, 0, 0, 0, 1, 1, 0, 0, 1, 0, 0, 1, 1, 0, 
    0, 0, 1, 1, 0, 0 ],

    [ GF(2) | 1, 0, 0, 0, 0, 0, 0, 0, 1, 0, 0, 0, 0, 0, 0, 0, 1, 1, 0, 0, 0, 0, 
    0, 0, 0, 1, 1, 0 ],

    [ GF(2) | 1, 0, 1, 0, 0, 0, 0, 0, 1, 1, 0, 0, 0, 0, 0, 0, 0, 1, 1, 0, 0, 0, 
    0, 0, 0, 0, 1, 1 ],

    [ GF(2) | 1, 0, 0, 0, 0, 0, 0, 0, 1, 0, 0, 1, 1, 1, 0, 0, 1, 0, 1, 1, 1, 0, 
    0, 0, 1, 1, 0, 0 ],

    [ GF(2) | 1, 0, 0, 0, 0, 0, 0, 0, 1, 0, 0, 0, 1, 1, 0, 0, 1, 0, 0, 1, 1, 0, 
    0, 0, 1, 1, 1, 1 ],

    [ GF(2) | 1, 0, 0, 0, 1, 1, 0, 0, 1, 0, 0, 1, 1, 0, 0, 0, 1, 0, 1, 1, 0, 0, 
    0, 0, 1, 1, 1, 0 ],

    [ GF(2) | 1, 0, 0, 0, 0, 0, 0, 0, 1, 0, 1, 0, 0, 0, 0, 0, 1, 1, 0, 0, 0, 0, 
    0, 0, 0, 1, 1, 0 ],

    [ GF(2) | 1, 0, 0, 0, 0, 0, 0, 0, 1, 0, 0, 0, 0, 0, 0, 0, 1, 0, 0, 1, 1, 0, 
    0, 0, 1, 1, 1, 1 ],

    [ GF(2) | 1, 0, 0, 0, 0, 0, 0, 0, 1, 1, 0, 0, 0, 0, 0, 0, 0, 1, 1, 0, 0, 0, 
    0, 0, 0, 0, 1, 1 ],

    [ GF(2) | 1, 0, 0, 1, 0, 1, 1, 0, 1, 0, 1, 0, 1, 1, 0, 0, 1, 1, 0, 0, 0, 0, 
    0, 0, 0, 1, 1, 0 ],

    [ GF(2) | 1, 0, 0, 0, 1, 1, 0, 0, 1, 0, 0, 1, 1, 0, 0, 0, 1, 0, 1, 0, 1, 0, 
    0, 0, 1, 0, 1, 1 ],

    [ GF(2) | 1, 0, 0, 0, 1, 1, 0, 0, 1, 0, 0, 1, 1, 0, 0, 0, 1, 0, 1, 1, 0, 0, 
    0, 0, 1, 1, 0, 0 ],

    [ GF(2) | 1, 0, 0, 1, 1, 0, 0, 0, 1, 0, 1, 1, 0, 0, 0, 0, 1, 1, 0, 0, 0, 0, 
    0, 0, 0, 0, 1, 1 ],

    [ GF(2) | 1, 0, 0, 0, 1, 1, 0, 0, 1, 0, 0, 1, 1, 0, 0, 0, 1, 0, 1, 0, 1, 0, 
    0, 0, 1, 1, 0, 1 ]
}
