KMatrixSpace(GF(2), 3, 9) ! Matrix(GF(2), 3, 9, \[ 1, 0, 0, 0, 0, 0, 0, 0, 0, 0,
1, 0, 0, 0, 0, 0, 0, 0, 0, 0, 1, 0, 0, 0, 0, 0, 0 ])
KMatrixSpace(GF(2), 3, 9) ! Matrix(GF(2), 3, 9, \[ 1, 0, 0, 0, 0, 0, 0, 0, 0, 0,
1, 0, 0, 0, 0, 0, 0, 0, 0, 0, 1, 1, 0, 0, 0, 0, 0 ])
KMatrixSpace(GF(2), 3, 9) ! Matrix(GF(2), 3, 9, \[ 1, 0, 0, 0, 0, 0, 0, 0, 0, 0,
1, 0, 0, 0, 0, 0, 0, 0, 0, 0, 1, 1, 1, 0, 0, 0, 0 ])
KMatrixSpace(GF(2), 3, 9) ! Matrix(GF(2), 3, 9, \[ 1, 0, 0, 0, 0, 0, 0, 0, 0, 0,
1, 0, 0, 0, 0, 0, 0, 0, 0, 0, 1, 1, 1, 1, 0, 0, 0 ])
KMatrixSpace(GF(2), 3, 9) ! Matrix(GF(2), 3, 9, \[ 1, 0, 0, 0, 0, 0, 0, 0, 0, 0,
1, 0, 0, 0, 0, 0, 0, 0, 0, 0, 1, 1, 1, 1, 1, 0, 0 ])
KMatrixSpace(GF(2), 3, 9) ! Matrix(GF(2), 3, 9, \[ 1, 0, 0, 0, 0, 0, 0, 0, 0, 0,
1, 0, 0, 0, 0, 0, 0, 0, 0, 0, 1, 1, 1, 1, 1, 1, 0 ])
KMatrixSpace(GF(2), 3, 9) ! Matrix(GF(2), 3, 9, \[ 1, 0, 0, 0, 0, 0, 0, 0, 0, 0,
1, 0, 0, 0, 0, 0, 0, 0, 0, 0, 1, 1, 1, 1, 1, 1, 1 ])
KMatrixSpace(GF(2), 3, 9) ! Matrix(GF(2), 3, 9, \[ 1, 0, 0, 0, 0, 0, 0, 0, 0, 0,
1, 0, 1, 0, 0, 0, 0, 0, 0, 0, 1, 1, 0, 0, 0, 0, 0 ])
KMatrixSpace(GF(2), 3, 9) ! Matrix(GF(2), 3, 9, \[ 1, 0, 0, 0, 0, 0, 0, 0, 0, 0,
1, 1, 0, 0, 0, 0, 0, 0, 0, 0, 0, 1, 1, 0, 0, 0, 0 ])
KMatrixSpace(GF(2), 3, 9) ! Matrix(GF(2), 3, 9, \[ 1, 0, 0, 0, 0, 0, 0, 0, 0, 0,
1, 0, 1, 1, 0, 0, 0, 0, 0, 0, 1, 1, 1, 0, 0, 0, 0 ])
KMatrixSpace(GF(2), 3, 9) ! Matrix(GF(2), 3, 9, \[ 1, 0, 0, 0, 0, 0, 0, 0, 0, 0,
1, 1, 0, 0, 0, 0, 0, 0, 0, 0, 0, 1, 1, 1, 0, 0, 0 ])
KMatrixSpace(GF(2), 3, 9) ! Matrix(GF(2), 3, 9, \[ 1, 0, 0, 0, 0, 0, 0, 0, 0, 0,
1, 0, 1, 1, 1, 0, 0, 0, 0, 0, 1, 1, 1, 1, 0, 0, 0 ])
KMatrixSpace(GF(2), 3, 9) ! Matrix(GF(2), 3, 9, \[ 1, 0, 0, 0, 0, 0, 0, 0, 0, 0,
1, 1, 0, 0, 0, 0, 0, 0, 0, 0, 0, 1, 1, 1, 1, 0, 0 ])
KMatrixSpace(GF(2), 3, 9) ! Matrix(GF(2), 3, 9, \[ 1, 0, 0, 0, 0, 0, 0, 0, 0, 0,
1, 0, 1, 1, 1, 1, 0, 0, 0, 0, 1, 1, 1, 1, 1, 0, 0 ])
KMatrixSpace(GF(2), 3, 9) ! Matrix(GF(2), 3, 9, \[ 1, 0, 0, 0, 0, 0, 0, 0, 0, 0,
1, 1, 0, 0, 0, 0, 0, 0, 0, 0, 0, 1, 1, 1, 1, 1, 0 ])
KMatrixSpace(GF(2), 3, 9) ! Matrix(GF(2), 3, 9, \[ 1, 0, 0, 0, 0, 0, 0, 0, 0, 0,
1, 0, 1, 1, 1, 1, 1, 0, 0, 0, 1, 1, 1, 1, 1, 1, 0 ])
KMatrixSpace(GF(2), 3, 9) ! Matrix(GF(2), 3, 9, \[ 1, 0, 0, 0, 0, 0, 0, 0, 0, 0,
1, 1, 0, 0, 0, 0, 0, 0, 0, 0, 0, 1, 1, 1, 1, 1, 1 ])
KMatrixSpace(GF(2), 3, 9) ! Matrix(GF(2), 3, 9, \[ 1, 0, 0, 0, 0, 0, 0, 0, 0, 0,
1, 0, 1, 1, 1, 1, 1, 1, 0, 0, 1, 1, 1, 1, 1, 1, 1 ])
KMatrixSpace(GF(2), 3, 9) ! Matrix(GF(2), 3, 9, \[ 1, 0, 0, 0, 0, 0, 0, 0, 0, 0,
1, 0, 0, 1, 1, 0, 0, 0, 0, 0, 1, 1, 1, 1, 0, 0, 0 ])
KMatrixSpace(GF(2), 3, 9) ! Matrix(GF(2), 3, 9, \[ 1, 0, 0, 0, 0, 0, 0, 0, 0, 0,
1, 1, 1, 0, 0, 0, 0, 0, 0, 0, 0, 0, 1, 1, 1, 0, 0 ])
KMatrixSpace(GF(2), 3, 9) ! Matrix(GF(2), 3, 9, \[ 1, 0, 0, 0, 0, 0, 0, 0, 0, 0,
1, 0, 0, 1, 1, 1, 0, 0, 0, 0, 1, 1, 1, 1, 1, 0, 0 ])
KMatrixSpace(GF(2), 3, 9) ! Matrix(GF(2), 3, 9, \[ 1, 0, 0, 0, 0, 0, 0, 0, 0, 0,
1, 1, 1, 0, 0, 0, 0, 0, 0, 0, 0, 0, 1, 1, 1, 1, 0 ])
KMatrixSpace(GF(2), 3, 9) ! Matrix(GF(2), 3, 9, \[ 1, 0, 0, 0, 0, 0, 0, 0, 0, 0,
1, 0, 0, 1, 1, 1, 1, 0, 0, 0, 1, 1, 1, 1, 1, 1, 0 ])
KMatrixSpace(GF(2), 3, 9) ! Matrix(GF(2), 3, 9, \[ 1, 0, 0, 0, 0, 0, 0, 0, 0, 0,
1, 1, 1, 0, 0, 0, 0, 0, 0, 0, 0, 0, 1, 1, 1, 1, 1 ])
KMatrixSpace(GF(2), 3, 9) ! Matrix(GF(2), 3, 9, \[ 1, 0, 0, 0, 0, 0, 0, 0, 0, 0,
1, 0, 0, 1, 1, 1, 1, 1, 0, 0, 1, 1, 1, 1, 1, 1, 1 ])
KMatrixSpace(GF(2), 3, 9) ! Matrix(GF(2), 3, 9, \[ 1, 0, 0, 0, 0, 0, 0, 0, 0, 0,
1, 1, 0, 0, 1, 1, 0, 0, 0, 0, 0, 1, 1, 1, 1, 0, 0 ])
KMatrixSpace(GF(2), 3, 9) ! Matrix(GF(2), 3, 9, \[ 1, 0, 0, 0, 0, 0, 0, 0, 0, 0,
1, 0, 0, 0, 1, 1, 1, 0, 0, 0, 1, 1, 1, 1, 1, 1, 0 ])
KMatrixSpace(GF(2), 3, 9) ! Matrix(GF(2), 3, 9, \[ 1, 0, 0, 0, 0, 0, 0, 0, 0, 0,
1, 1, 0, 0, 1, 1, 1, 0, 0, 0, 0, 1, 1, 1, 1, 1, 0 ])
KMatrixSpace(GF(2), 3, 9) ! Matrix(GF(2), 3, 9, \[ 1, 0, 0, 0, 0, 0, 0, 0, 0, 0,
1, 1, 1, 1, 0, 0, 0, 0, 0, 0, 0, 0, 0, 1, 1, 1, 1 ])
KMatrixSpace(GF(2), 3, 9) ! Matrix(GF(2), 3, 9, \[ 1, 0, 0, 0, 0, 0, 0, 0, 0, 0,
1, 0, 0, 0, 1, 1, 1, 1, 0, 0, 1, 1, 1, 1, 1, 1, 1 ])
KMatrixSpace(GF(2), 3, 9) ! Matrix(GF(2), 3, 9, \[ 1, 0, 0, 0, 0, 0, 0, 0, 0, 0,
1, 1, 0, 0, 1, 1, 1, 1, 0, 0, 0, 1, 1, 1, 1, 1, 1 ])
KMatrixSpace(GF(2), 3, 9) ! Matrix(GF(2), 3, 9, \[ 1, 0, 0, 0, 0, 0, 0, 0, 0, 0,
1, 1, 0, 0, 0, 1, 1, 1, 0, 0, 0, 1, 1, 1, 1, 1, 1 ])
KMatrixSpace(GF(2), 3, 9) ! Matrix(GF(2), 3, 9, \[ 1, 0, 0, 1, 0, 0, 0, 0, 0, 0,
1, 0, 1, 0, 0, 0, 0, 0, 0, 0, 1, 1, 0, 0, 0, 0, 0 ])
KMatrixSpace(GF(2), 3, 9) ! Matrix(GF(2), 3, 9, \[ 1, 0, 1, 0, 0, 0, 0, 0, 0, 0,
1, 1, 0, 0, 0, 0, 0, 0, 0, 0, 0, 1, 1, 0, 0, 0, 0 ])
KMatrixSpace(GF(2), 3, 9) ! Matrix(GF(2), 3, 9, \[ 1, 0, 0, 1, 1, 0, 0, 0, 0, 0,
1, 0, 1, 1, 0, 0, 0, 0, 0, 0, 1, 1, 1, 0, 0, 0, 0 ])
KMatrixSpace(GF(2), 3, 9) ! Matrix(GF(2), 3, 9, \[ 1, 0, 1, 0, 0, 0, 0, 0, 0, 0,
1, 1, 0, 0, 0, 0, 0, 0, 0, 0, 0, 1, 1, 1, 0, 0, 0 ])
KMatrixSpace(GF(2), 3, 9) ! Matrix(GF(2), 3, 9, \[ 1, 0, 0, 1, 1, 1, 0, 0, 0, 0,
1, 0, 1, 1, 1, 0, 0, 0, 0, 0, 1, 1, 1, 1, 0, 0, 0 ])
KMatrixSpace(GF(2), 3, 9) ! Matrix(GF(2), 3, 9, \[ 1, 0, 1, 0, 0, 0, 0, 0, 0, 0,
1, 1, 0, 0, 0, 0, 0, 0, 0, 0, 0, 1, 1, 1, 1, 0, 0 ])
KMatrixSpace(GF(2), 3, 9) ! Matrix(GF(2), 3, 9, \[ 1, 0, 0, 1, 1, 1, 1, 0, 0, 0,
1, 0, 1, 1, 1, 1, 0, 0, 0, 0, 1, 1, 1, 1, 1, 0, 0 ])
KMatrixSpace(GF(2), 3, 9) ! Matrix(GF(2), 3, 9, \[ 1, 0, 1, 0, 0, 0, 0, 0, 0, 0,
1, 1, 0, 0, 0, 0, 0, 0, 0, 0, 0, 1, 1, 1, 1, 1, 0 ])
KMatrixSpace(GF(2), 3, 9) ! Matrix(GF(2), 3, 9, \[ 1, 0, 0, 1, 1, 1, 1, 1, 0, 0,
1, 0, 1, 1, 1, 1, 1, 0, 0, 0, 1, 1, 1, 1, 1, 1, 0 ])
KMatrixSpace(GF(2), 3, 9) ! Matrix(GF(2), 3, 9, \[ 1, 0, 1, 0, 0, 0, 0, 0, 0, 0,
1, 1, 0, 0, 0, 0, 0, 0, 0, 0, 0, 1, 1, 1, 1, 1, 1 ])
KMatrixSpace(GF(2), 3, 9) ! Matrix(GF(2), 3, 9, \[ 1, 0, 0, 1, 1, 1, 1, 1, 1, 0,
1, 0, 1, 1, 1, 1, 1, 1, 0, 0, 1, 1, 1, 1, 1, 1, 1 ])
KMatrixSpace(GF(2), 3, 9) ! Matrix(GF(2), 3, 9, \[ 1, 0, 0, 1, 1, 0, 0, 0, 0, 0,
1, 0, 1, 1, 0, 0, 0, 0, 0, 0, 1, 1, 0, 0, 0, 0, 0 ])
KMatrixSpace(GF(2), 3, 9) ! Matrix(GF(2), 3, 9, \[ 1, 1, 0, 0, 0, 0, 0, 0, 0, 0,
0, 1, 1, 0, 0, 0, 0, 0, 0, 0, 0, 0, 1, 1, 0, 0, 0 ])
KMatrixSpace(GF(2), 3, 9) ! Matrix(GF(2), 3, 9, \[ 1, 0, 0, 0, 1, 1, 0, 0, 0, 0,
1, 0, 0, 1, 1, 0, 0, 0, 0, 0, 1, 1, 0, 0, 0, 0, 0 ])
KMatrixSpace(GF(2), 3, 9) ! Matrix(GF(2), 3, 9, \[ 1, 0, 0, 1, 1, 1, 0, 0, 0, 0,
1, 0, 1, 1, 1, 0, 0, 0, 0, 0, 1, 1, 0, 0, 0, 0, 0 ])
KMatrixSpace(GF(2), 3, 9) ! Matrix(GF(2), 3, 9, \[ 1, 1, 0, 0, 0, 0, 0, 0, 0, 0,
0, 1, 1, 0, 0, 0, 0, 0, 0, 0, 0, 0, 1, 1, 1, 0, 0 ])
KMatrixSpace(GF(2), 3, 9) ! Matrix(GF(2), 3, 9, \[ 1, 0, 0, 0, 1, 1, 1, 0, 0, 0,
1, 0, 0, 1, 1, 1, 0, 0, 0, 0, 1, 1, 0, 0, 0, 0, 0 ])
KMatrixSpace(GF(2), 3, 9) ! Matrix(GF(2), 3, 9, \[ 1, 0, 0, 1, 1, 1, 1, 0, 0, 0,
1, 0, 1, 1, 1, 1, 0, 0, 0, 0, 1, 1, 0, 0, 0, 0, 0 ])
KMatrixSpace(GF(2), 3, 9) ! Matrix(GF(2), 3, 9, \[ 1, 1, 0, 0, 0, 0, 0, 0, 0, 0,
0, 1, 1, 0, 0, 0, 0, 0, 0, 0, 0, 0, 1, 1, 1, 1, 0 ])
KMatrixSpace(GF(2), 3, 9) ! Matrix(GF(2), 3, 9, \[ 1, 0, 0, 0, 1, 1, 1, 1, 0, 0,
1, 0, 0, 1, 1, 1, 1, 0, 0, 0, 1, 1, 0, 0, 0, 0, 0 ])
KMatrixSpace(GF(2), 3, 9) ! Matrix(GF(2), 3, 9, \[ 1, 0, 0, 1, 1, 1, 1, 1, 0, 0,
1, 0, 1, 1, 1, 1, 1, 0, 0, 0, 1, 1, 0, 0, 0, 0, 0 ])
KMatrixSpace(GF(2), 3, 9) ! Matrix(GF(2), 3, 9, \[ 1, 1, 0, 0, 0, 0, 0, 0, 0, 0,
0, 1, 1, 0, 0, 0, 0, 0, 0, 0, 0, 0, 1, 1, 1, 1, 1 ])
KMatrixSpace(GF(2), 3, 9) ! Matrix(GF(2), 3, 9, \[ 1, 0, 0, 0, 1, 1, 1, 1, 1, 0,
1, 0, 0, 1, 1, 1, 1, 1, 0, 0, 1, 1, 0, 0, 0, 0, 0 ])
KMatrixSpace(GF(2), 3, 9) ! Matrix(GF(2), 3, 9, \[ 1, 0, 0, 1, 1, 1, 1, 1, 1, 0,
1, 0, 1, 1, 1, 1, 1, 1, 0, 0, 1, 1, 0, 0, 0, 0, 0 ])
KMatrixSpace(GF(2), 3, 9) ! Matrix(GF(2), 3, 9, \[ 1, 0, 0, 0, 1, 1, 0, 0, 0, 0,
1, 0, 0, 1, 1, 0, 0, 0, 0, 0, 1, 1, 1, 1, 0, 0, 0 ])
KMatrixSpace(GF(2), 3, 9) ! Matrix(GF(2), 3, 9, \[ 1, 0, 0, 1, 1, 1, 0, 0, 0, 0,
1, 0, 1, 1, 1, 0, 0, 0, 0, 0, 1, 0, 1, 1, 0, 0, 0 ])
KMatrixSpace(GF(2), 3, 9) ! Matrix(GF(2), 3, 9, \[ 1, 0, 1, 1, 0, 0, 0, 0, 0, 0,
1, 1, 1, 0, 0, 0, 0, 0, 0, 0, 0, 0, 1, 1, 1, 0, 0 ])
KMatrixSpace(GF(2), 3, 9) ! Matrix(GF(2), 3, 9, \[ 1, 0, 0, 0, 1, 1, 1, 0, 0, 0,
1, 0, 0, 1, 1, 1, 0, 0, 0, 0, 1, 1, 1, 1, 1, 0, 0 ])
KMatrixSpace(GF(2), 3, 9) ! Matrix(GF(2), 3, 9, \[ 1, 0, 0, 1, 1, 1, 1, 0, 0, 0,
1, 0, 1, 1, 1, 1, 0, 0, 0, 0, 1, 0, 1, 1, 1, 0, 0 ])
KMatrixSpace(GF(2), 3, 9) ! Matrix(GF(2), 3, 9, \[ 1, 0, 1, 1, 0, 0, 0, 0, 0, 0,
1, 1, 1, 0, 0, 0, 0, 0, 0, 0, 0, 0, 1, 1, 1, 1, 0 ])
KMatrixSpace(GF(2), 3, 9) ! Matrix(GF(2), 3, 9, \[ 1, 0, 0, 0, 1, 1, 1, 1, 0, 0,
1, 0, 0, 1, 1, 1, 1, 0, 0, 0, 1, 1, 1, 1, 1, 1, 0 ])
KMatrixSpace(GF(2), 3, 9) ! Matrix(GF(2), 3, 9, \[ 1, 0, 0, 1, 1, 1, 1, 1, 0, 0,
1, 0, 1, 1, 1, 1, 1, 0, 0, 0, 1, 0, 1, 1, 1, 1, 0 ])
KMatrixSpace(GF(2), 3, 9) ! Matrix(GF(2), 3, 9, \[ 1, 0, 1, 1, 0, 0, 0, 0, 0, 0,
1, 1, 1, 0, 0, 0, 0, 0, 0, 0, 0, 0, 1, 1, 1, 1, 1 ])
KMatrixSpace(GF(2), 3, 9) ! Matrix(GF(2), 3, 9, \[ 1, 0, 0, 0, 1, 1, 1, 1, 1, 0,
1, 0, 0, 1, 1, 1, 1, 1, 0, 0, 1, 1, 1, 1, 1, 1, 1 ])
KMatrixSpace(GF(2), 3, 9) ! Matrix(GF(2), 3, 9, \[ 1, 0, 0, 1, 1, 1, 1, 1, 1, 0,
1, 0, 1, 1, 1, 1, 1, 1, 0, 0, 1, 0, 1, 1, 1, 1, 1 ])
KMatrixSpace(GF(2), 3, 9) ! Matrix(GF(2), 3, 9, \[ 1, 1, 0, 0, 0, 0, 0, 0, 0, 0,
0, 1, 0, 0, 1, 1, 0, 0, 0, 0, 0, 1, 1, 1, 1, 0, 0 ])
KMatrixSpace(GF(2), 3, 9) ! Matrix(GF(2), 3, 9, \[ 1, 0, 0, 1, 1, 1, 1, 0, 0, 0,
1, 0, 1, 1, 1, 1, 0, 0, 0, 0, 1, 1, 1, 0, 0, 0, 0 ])
KMatrixSpace(GF(2), 3, 9) ! Matrix(GF(2), 3, 9, \[ 1, 1, 0, 0, 0, 0, 0, 0, 0, 0,
0, 1, 1, 1, 0, 0, 0, 0, 0, 0, 0, 0, 0, 1, 1, 1, 0 ])
KMatrixSpace(GF(2), 3, 9) ! Matrix(GF(2), 3, 9, \[ 1, 0, 0, 0, 0, 1, 1, 1, 0, 0,
1, 0, 0, 0, 1, 1, 1, 0, 0, 0, 1, 1, 1, 0, 0, 0, 0 ])
KMatrixSpace(GF(2), 3, 9) ! Matrix(GF(2), 3, 9, \[ 1, 1, 0, 0, 0, 0, 0, 0, 0, 0,
0, 1, 0, 0, 1, 1, 1, 0, 0, 0, 0, 1, 1, 1, 1, 1, 0 ])
KMatrixSpace(GF(2), 3, 9) ! Matrix(GF(2), 3, 9, \[ 1, 0, 0, 1, 1, 1, 1, 1, 0, 0,
1, 0, 1, 1, 1, 1, 1, 0, 0, 0, 1, 1, 1, 0, 0, 0, 0 ])
KMatrixSpace(GF(2), 3, 9) ! Matrix(GF(2), 3, 9, \[ 1, 1, 0, 0, 0, 0, 0, 0, 0, 0,
0, 1, 1, 1, 0, 0, 0, 0, 0, 0, 0, 0, 0, 1, 1, 1, 1 ])
KMatrixSpace(GF(2), 3, 9) ! Matrix(GF(2), 3, 9, \[ 1, 0, 0, 0, 0, 1, 1, 1, 1, 0,
1, 0, 0, 0, 1, 1, 1, 1, 0, 0, 1, 1, 1, 0, 0, 0, 0 ])
KMatrixSpace(GF(2), 3, 9) ! Matrix(GF(2), 3, 9, \[ 1, 1, 0, 0, 0, 0, 0, 0, 0, 0,
0, 1, 0, 0, 1, 1, 1, 1, 0, 0, 0, 1, 1, 1, 1, 1, 1 ])
KMatrixSpace(GF(2), 3, 9) ! Matrix(GF(2), 3, 9, \[ 1, 0, 0, 1, 1, 1, 1, 1, 1, 0,
1, 0, 1, 1, 1, 1, 1, 1, 0, 0, 1, 1, 1, 0, 0, 0, 0 ])
KMatrixSpace(GF(2), 3, 9) ! Matrix(GF(2), 3, 9, \[ 1, 0, 1, 0, 0, 1, 1, 0, 0, 0,
1, 1, 0, 0, 1, 1, 0, 0, 0, 0, 0, 1, 1, 1, 1, 0, 0 ])
KMatrixSpace(GF(2), 3, 9) ! Matrix(GF(2), 3, 9, \[ 1, 0, 0, 0, 0, 1, 1, 1, 0, 0,
1, 0, 0, 0, 1, 1, 1, 0, 0, 0, 1, 1, 1, 1, 1, 1, 0 ])
KMatrixSpace(GF(2), 3, 9) ! Matrix(GF(2), 3, 9, \[ 1, 0, 0, 1, 1, 1, 1, 1, 0, 0,
1, 0, 1, 1, 1, 1, 1, 0, 0, 0, 1, 0, 0, 1, 1, 1, 0 ])
KMatrixSpace(GF(2), 3, 9) ! Matrix(GF(2), 3, 9, \[ 1, 0, 1, 0, 0, 1, 1, 1, 0, 0,
1, 1, 0, 0, 1, 1, 1, 0, 0, 0, 0, 1, 1, 1, 1, 1, 0 ])
KMatrixSpace(GF(2), 3, 9) ! Matrix(GF(2), 3, 9, \[ 1, 0, 1, 1, 1, 0, 0, 0, 0, 0,
1, 1, 1, 1, 0, 0, 0, 0, 0, 0, 0, 0, 0, 1, 1, 1, 1 ])
KMatrixSpace(GF(2), 3, 9) ! Matrix(GF(2), 3, 9, \[ 1, 0, 0, 0, 0, 1, 1, 1, 1, 0,
1, 0, 0, 0, 1, 1, 1, 1, 0, 0, 1, 1, 1, 1, 1, 1, 1 ])
KMatrixSpace(GF(2), 3, 9) ! Matrix(GF(2), 3, 9, \[ 1, 0, 0, 1, 1, 1, 1, 1, 1, 0,
1, 0, 1, 1, 1, 1, 1, 1, 0, 0, 1, 0, 0, 1, 1, 1, 1 ])
KMatrixSpace(GF(2), 3, 9) ! Matrix(GF(2), 3, 9, \[ 1, 0, 1, 0, 0, 1, 1, 1, 1, 0,
1, 1, 0, 0, 1, 1, 1, 1, 0, 0, 0, 1, 1, 1, 1, 1, 1 ])
KMatrixSpace(GF(2), 3, 9) ! Matrix(GF(2), 3, 9, \[ 1, 1, 0, 0, 0, 0, 0, 0, 0, 0,
0, 1, 1, 0, 0, 1, 1, 0, 0, 0, 0, 0, 1, 1, 1, 1, 0 ])
KMatrixSpace(GF(2), 3, 9) ! Matrix(GF(2), 3, 9, \[ 1, 0, 0, 0, 1, 1, 1, 1, 0, 0,
1, 0, 0, 1, 1, 1, 1, 0, 0, 0, 1, 1, 1, 1, 0, 0, 0 ])
KMatrixSpace(GF(2), 3, 9) ! Matrix(GF(2), 3, 9, \[ 1, 1, 0, 0, 0, 0, 0, 0, 0, 0,
0, 1, 0, 0, 0, 1, 1, 1, 0, 0, 0, 1, 1, 1, 1, 1, 1 ])
KMatrixSpace(GF(2), 3, 9) ! Matrix(GF(2), 3, 9, \[ 1, 0, 0, 1, 1, 1, 1, 1, 1, 0,
1, 0, 1, 1, 1, 1, 1, 1, 0, 0, 1, 1, 1, 1, 0, 0, 0 ])
KMatrixSpace(GF(2), 3, 9) ! Matrix(GF(2), 3, 9, \[ 1, 1, 0, 0, 0, 0, 0, 0, 0, 0,
0, 1, 1, 0, 0, 1, 1, 1, 0, 0, 0, 0, 1, 1, 1, 1, 1 ])
KMatrixSpace(GF(2), 3, 9) ! Matrix(GF(2), 3, 9, \[ 1, 0, 0, 0, 1, 1, 1, 1, 1, 0,
1, 0, 0, 1, 1, 1, 1, 1, 0, 0, 1, 1, 1, 1, 0, 0, 0 ])
KMatrixSpace(GF(2), 3, 9) ! Matrix(GF(2), 3, 9, \[ 1, 0, 1, 0, 0, 0, 1, 1, 1, 0,
1, 1, 0, 0, 0, 1, 1, 1, 0, 0, 0, 1, 1, 1, 1, 1, 1 ])
KMatrixSpace(GF(2), 3, 9) ! Matrix(GF(2), 3, 9, \[ 1, 0, 0, 0, 1, 1, 1, 1, 1, 0,
1, 0, 0, 1, 1, 1, 1, 1, 0, 0, 1, 1, 0, 0, 1, 1, 1 ])
KMatrixSpace(GF(2), 3, 9) ! Matrix(GF(2), 3, 9, \[ 1, 0, 0, 1, 1, 0, 0, 0, 0, 0,
1, 0, 1, 0, 1, 0, 0, 0, 0, 0, 1, 0, 1, 1, 0, 0, 0 ])
KMatrixSpace(GF(2), 3, 9) ! Matrix(GF(2), 3, 9, \[ 1, 0, 0, 0, 0, 1, 1, 0, 0, 0,
1, 1, 0, 0, 1, 1, 0, 0, 0, 0, 0, 1, 1, 1, 1, 0, 0 ])
KMatrixSpace(GF(2), 3, 9) ! Matrix(GF(2), 3, 9, \[ 1, 0, 0, 1, 1, 0, 0, 0, 0, 0,
1, 0, 0, 0, 1, 1, 0, 0, 0, 0, 1, 1, 1, 1, 1, 0, 0 ])
KMatrixSpace(GF(2), 3, 9) ! Matrix(GF(2), 3, 9, \[ 1, 0, 0, 1, 1, 0, 0, 0, 0, 0,
1, 0, 1, 0, 1, 1, 0, 0, 0, 0, 1, 0, 1, 1, 1, 0, 0 ])
KMatrixSpace(GF(2), 3, 9) ! Matrix(GF(2), 3, 9, \[ 1, 0, 0, 1, 1, 0, 0, 0, 0, 0,
1, 1, 1, 1, 0, 0, 0, 0, 0, 0, 0, 0, 0, 1, 1, 1, 0 ])
KMatrixSpace(GF(2), 3, 9) ! Matrix(GF(2), 3, 9, \[ 1, 0, 0, 0, 0, 1, 1, 1, 0, 0,
1, 1, 0, 0, 1, 1, 1, 0, 0, 0, 0, 1, 1, 1, 1, 1, 0 ])
KMatrixSpace(GF(2), 3, 9) ! Matrix(GF(2), 3, 9, \[ 1, 0, 0, 1, 1, 0, 0, 0, 0, 0,
1, 0, 0, 0, 1, 1, 1, 0, 0, 0, 1, 1, 1, 1, 1, 1, 0 ])
KMatrixSpace(GF(2), 3, 9) ! Matrix(GF(2), 3, 9, \[ 1, 0, 0, 1, 1, 0, 0, 0, 0, 0,
1, 0, 1, 0, 1, 1, 1, 0, 0, 0, 1, 0, 1, 1, 1, 1, 0 ])
KMatrixSpace(GF(2), 3, 9) ! Matrix(GF(2), 3, 9, \[ 1, 0, 0, 1, 1, 0, 0, 0, 0, 0,
1, 1, 1, 1, 0, 0, 0, 0, 0, 0, 0, 0, 0, 1, 1, 1, 1 ])
KMatrixSpace(GF(2), 3, 9) ! Matrix(GF(2), 3, 9, \[ 1, 0, 0, 0, 0, 1, 1, 1, 1, 0,
1, 1, 0, 0, 1, 1, 1, 1, 0, 0, 0, 1, 1, 1, 1, 1, 1 ])
KMatrixSpace(GF(2), 3, 9) ! Matrix(GF(2), 3, 9, \[ 1, 0, 0, 1, 1, 0, 0, 0, 0, 0,
1, 0, 0, 0, 1, 1, 1, 1, 0, 0, 1, 1, 1, 1, 1, 1, 1 ])
KMatrixSpace(GF(2), 3, 9) ! Matrix(GF(2), 3, 9, \[ 1, 0, 0, 1, 1, 0, 0, 0, 0, 0,
1, 0, 1, 0, 1, 1, 1, 1, 0, 0, 1, 0, 1, 1, 1, 1, 1 ])
KMatrixSpace(GF(2), 3, 9) ! Matrix(GF(2), 3, 9, \[ 1, 0, 0, 0, 1, 1, 1, 1, 0, 0,
1, 1, 0, 1, 1, 1, 1, 0, 0, 0, 0, 1, 1, 1, 0, 0, 0 ])
KMatrixSpace(GF(2), 3, 9) ! Matrix(GF(2), 3, 9, \[ 1, 1, 1, 0, 0, 0, 0, 0, 0, 0,
0, 0, 1, 1, 1, 0, 0, 0, 0, 0, 0, 0, 0, 0, 1, 1, 1 ])
KMatrixSpace(GF(2), 3, 9) ! Matrix(GF(2), 3, 9, \[ 1, 0, 0, 0, 0, 0, 1, 1, 1, 0,
1, 1, 0, 0, 0, 1, 1, 1, 0, 0, 0, 1, 1, 1, 0, 0, 0 ])
KMatrixSpace(GF(2), 3, 9) ! Matrix(GF(2), 3, 9, \[ 1, 0, 0, 0, 1, 1, 1, 1, 1, 0,
1, 1, 0, 1, 1, 1, 1, 1, 0, 0, 0, 1, 1, 1, 0, 0, 0 ])
KMatrixSpace(GF(2), 3, 9) ! Matrix(GF(2), 3, 9, \[ 1, 0, 0, 1, 0, 0, 1, 1, 0, 0,
1, 1, 1, 0, 0, 1, 1, 0, 0, 0, 0, 0, 1, 1, 1, 1, 0 ])
KMatrixSpace(GF(2), 3, 9) ! Matrix(GF(2), 3, 9, \[ 1, 0, 0, 1, 1, 1, 0, 0, 0, 0,
1, 0, 1, 0, 0, 1, 1, 0, 0, 0, 1, 0, 1, 1, 1, 1, 0 ])
KMatrixSpace(GF(2), 3, 9) ! Matrix(GF(2), 3, 9, \[ 1, 0, 0, 0, 0, 0, 1, 1, 1, 0,
1, 1, 0, 0, 0, 1, 1, 1, 0, 0, 0, 1, 1, 1, 1, 1, 1 ])
KMatrixSpace(GF(2), 3, 9) ! Matrix(GF(2), 3, 9, \[ 1, 0, 0, 1, 1, 1, 0, 0, 0, 0,
1, 0, 0, 0, 0, 1, 1, 1, 0, 0, 1, 1, 1, 1, 1, 1, 1 ])
KMatrixSpace(GF(2), 3, 9) ! Matrix(GF(2), 3, 9, \[ 1, 0, 0, 0, 1, 1, 1, 1, 1, 0,
1, 1, 0, 1, 1, 1, 1, 1, 0, 0, 0, 1, 0, 0, 1, 1, 1 ])
KMatrixSpace(GF(2), 3, 9) ! Matrix(GF(2), 3, 9, \[ 1, 0, 0, 1, 0, 0, 1, 1, 1, 0,
1, 1, 1, 0, 0, 1, 1, 1, 0, 0, 0, 0, 1, 1, 1, 1, 1 ])
KMatrixSpace(GF(2), 3, 9) ! Matrix(GF(2), 3, 9, \[ 1, 0, 0, 1, 1, 1, 0, 0, 0, 0,
1, 0, 1, 0, 0, 1, 1, 1, 0, 0, 1, 0, 1, 1, 1, 1, 1 ])
KMatrixSpace(GF(2), 3, 9) ! Matrix(GF(2), 3, 9, \[ 1, 1, 1, 0, 0, 0, 0, 0, 0, 0,
0, 0, 1, 1, 0, 0, 1, 1, 0, 0, 0, 0, 0, 1, 1, 1, 1 ])
KMatrixSpace(GF(2), 3, 9) ! Matrix(GF(2), 3, 9, \[ 1, 0, 0, 0, 0, 1, 1, 1, 1, 0,
1, 1, 0, 0, 1, 1, 1, 1, 0, 0, 0, 1, 1, 1, 1, 0, 0 ])
KMatrixSpace(GF(2), 3, 9) ! Matrix(GF(2), 3, 9, \[ 1, 0, 0, 1, 1, 1, 1, 0, 0, 0,
1, 0, 1, 1, 0, 0, 1, 1, 0, 0, 1, 0, 0, 1, 1, 1, 1 ])
KMatrixSpace(GF(2), 3, 9) ! Matrix(GF(2), 3, 9, \[ 1, 0, 0, 1, 0, 1, 1, 0, 0, 0,
1, 0, 1, 1, 0, 1, 0, 0, 0, 0, 1, 1, 1, 1, 0, 0, 0 ])
KMatrixSpace(GF(2), 3, 9) ! Matrix(GF(2), 3, 9, \[ 1, 1, 0, 0, 0, 0, 1, 1, 0, 0,
0, 1, 1, 0, 0, 1, 1, 0, 0, 0, 0, 0, 1, 1, 1, 1, 0 ])
KMatrixSpace(GF(2), 3, 9) ! Matrix(GF(2), 3, 9, \[ 1, 0, 0, 1, 1, 1, 1, 1, 0, 0,
1, 0, 1, 0, 0, 1, 1, 0, 0, 0, 1, 1, 1, 1, 0, 0, 0 ])
KMatrixSpace(GF(2), 3, 9) ! Matrix(GF(2), 3, 9, \[ 1, 0, 0, 1, 0, 1, 1, 1, 0, 0,
1, 0, 1, 1, 0, 1, 1, 0, 0, 0, 1, 1, 1, 1, 0, 0, 0 ])
KMatrixSpace(GF(2), 3, 9) ! Matrix(GF(2), 3, 9, \[ 1, 0, 0, 0, 0, 0, 1, 1, 1, 0,
1, 0, 0, 1, 1, 1, 1, 1, 0, 0, 1, 1, 1, 1, 0, 0, 0 ])
KMatrixSpace(GF(2), 3, 9) ! Matrix(GF(2), 3, 9, \[ 1, 1, 0, 0, 0, 0, 1, 1, 1, 0,
0, 1, 1, 0, 0, 1, 1, 1, 0, 0, 0, 0, 1, 1, 1, 1, 1 ])
KMatrixSpace(GF(2), 3, 9) ! Matrix(GF(2), 3, 9, \[ 1, 0, 0, 1, 1, 1, 1, 1, 1, 0,
1, 0, 1, 0, 0, 1, 1, 1, 0, 0, 1, 1, 1, 1, 0, 0, 0 ])
KMatrixSpace(GF(2), 3, 9) ! Matrix(GF(2), 3, 9, \[ 1, 0, 0, 1, 0, 1, 1, 1, 1, 0,
1, 0, 1, 1, 0, 1, 1, 1, 0, 0, 1, 1, 1, 1, 0, 0, 0 ])
KMatrixSpace(GF(2), 3, 9) ! Matrix(GF(2), 3, 9, \[ 1, 0, 0, 0, 1, 1, 1, 0, 0, 0,
1, 0, 0, 1, 0, 0, 1, 1, 0, 0, 1, 1, 0, 1, 1, 1, 1 ])
KMatrixSpace(GF(2), 3, 9) ! Matrix(GF(2), 3, 9, \[ 1, 0, 0, 0, 1, 1, 1, 0, 0, 0,
1, 0, 0, 0, 1, 1, 1, 1, 0, 0, 1, 1, 1, 0, 0, 1, 1 ])
KMatrixSpace(GF(2), 3, 9) ! Matrix(GF(2), 3, 9, \[ 1, 1, 0, 0, 1, 0, 0, 1, 1, 0,
0, 1, 1, 1, 0, 0, 1, 1, 0, 0, 0, 0, 0, 1, 1, 1, 1 ])
KMatrixSpace(GF(2), 3, 9) ! Matrix(GF(2), 3, 9, \[ 1, 0, 0, 1, 0, 1, 1, 1, 1, 0,
1, 0, 1, 1, 0, 0, 1, 1, 0, 0, 1, 1, 1, 1, 1, 0, 0 ])
\[ 9, 3 ]
[ KMatrixSpace(GF(2), 3, 9) |
    [ GF(2) | 1, 0, 0, 0, 0, 0, 0, 0, 0, 0, 1, 0, 0, 0, 0, 0, 0, 0, 0, 0, 1, 0, 
    0, 0, 0, 0, 0 ],

    [ GF(2) | 1, 0, 0, 0, 0, 0, 0, 0, 0, 0, 1, 0, 0, 0, 0, 0, 0, 0, 0, 0, 1, 1, 
    0, 0, 0, 0, 0 ],

    [ GF(2) | 1, 0, 0, 0, 0, 0, 0, 0, 0, 0, 1, 0, 0, 0, 0, 0, 0, 0, 0, 0, 1, 1, 
    1, 0, 0, 0, 0 ],

    [ GF(2) | 1, 0, 0, 0, 0, 0, 0, 0, 0, 0, 1, 0, 0, 0, 0, 0, 0, 0, 0, 0, 1, 1, 
    1, 1, 0, 0, 0 ],

    [ GF(2) | 1, 0, 0, 0, 0, 0, 0, 0, 0, 0, 1, 0, 0, 0, 0, 0, 0, 0, 0, 0, 1, 1, 
    1, 1, 1, 0, 0 ],

    [ GF(2) | 1, 0, 0, 0, 0, 0, 0, 0, 0, 0, 1, 0, 0, 0, 0, 0, 0, 0, 0, 0, 1, 1, 
    1, 1, 1, 1, 0 ],

    [ GF(2) | 1, 0, 0, 0, 0, 0, 0, 0, 0, 0, 1, 0, 0, 0, 0, 0, 0, 0, 0, 0, 1, 1, 
    1, 1, 1, 1, 1 ],

    [ GF(2) | 1, 0, 0, 0, 0, 0, 0, 0, 0, 0, 1, 0, 1, 0, 0, 0, 0, 0, 0, 0, 1, 1, 
    0, 0, 0, 0, 0 ],

    [ GF(2) | 1, 0, 0, 0, 0, 0, 0, 0, 0, 0, 1, 1, 0, 0, 0, 0, 0, 0, 0, 0, 0, 1, 
    1, 0, 0, 0, 0 ],

    [ GF(2) | 1, 0, 0, 0, 0, 0, 0, 0, 0, 0, 1, 0, 1, 1, 0, 0, 0, 0, 0, 0, 1, 1, 
    1, 0, 0, 0, 0 ],

    [ GF(2) | 1, 0, 0, 0, 0, 0, 0, 0, 0, 0, 1, 1, 0, 0, 0, 0, 0, 0, 0, 0, 0, 1, 
    1, 1, 0, 0, 0 ],

    [ GF(2) | 1, 0, 0, 0, 0, 0, 0, 0, 0, 0, 1, 0, 1, 1, 1, 0, 0, 0, 0, 0, 1, 1, 
    1, 1, 0, 0, 0 ],

    [ GF(2) | 1, 0, 0, 0, 0, 0, 0, 0, 0, 0, 1, 1, 0, 0, 0, 0, 0, 0, 0, 0, 0, 1, 
    1, 1, 1, 0, 0 ],

    [ GF(2) | 1, 0, 0, 0, 0, 0, 0, 0, 0, 0, 1, 0, 1, 1, 1, 1, 0, 0, 0, 0, 1, 1, 
    1, 1, 1, 0, 0 ],

    [ GF(2) | 1, 0, 0, 0, 0, 0, 0, 0, 0, 0, 1, 1, 0, 0, 0, 0, 0, 0, 0, 0, 0, 1, 
    1, 1, 1, 1, 0 ],

    [ GF(2) | 1, 0, 0, 0, 0, 0, 0, 0, 0, 0, 1, 0, 1, 1, 1, 1, 1, 0, 0, 0, 1, 1, 
    1, 1, 1, 1, 0 ],

    [ GF(2) | 1, 0, 0, 0, 0, 0, 0, 0, 0, 0, 1, 1, 0, 0, 0, 0, 0, 0, 0, 0, 0, 1, 
    1, 1, 1, 1, 1 ],

    [ GF(2) | 1, 0, 0, 0, 0, 0, 0, 0, 0, 0, 1, 0, 1, 1, 1, 1, 1, 1, 0, 0, 1, 1, 
    1, 1, 1, 1, 1 ],

    [ GF(2) | 1, 0, 0, 0, 0, 0, 0, 0, 0, 0, 1, 0, 0, 1, 1, 0, 0, 0, 0, 0, 1, 1, 
    1, 1, 0, 0, 0 ],

    [ GF(2) | 1, 0, 0, 0, 0, 0, 0, 0, 0, 0, 1, 1, 1, 0, 0, 0, 0, 0, 0, 0, 0, 0, 
    1, 1, 1, 0, 0 ],

    [ GF(2) | 1, 0, 0, 0, 0, 0, 0, 0, 0, 0, 1, 0, 0, 1, 1, 1, 0, 0, 0, 0, 1, 1, 
    1, 1, 1, 0, 0 ],

    [ GF(2) | 1, 0, 0, 0, 0, 0, 0, 0, 0, 0, 1, 1, 1, 0, 0, 0, 0, 0, 0, 0, 0, 0, 
    1, 1, 1, 1, 0 ],

    [ GF(2) | 1, 0, 0, 0, 0, 0, 0, 0, 0, 0, 1, 0, 0, 1, 1, 1, 1, 0, 0, 0, 1, 1, 
    1, 1, 1, 1, 0 ],

    [ GF(2) | 1, 0, 0, 0, 0, 0, 0, 0, 0, 0, 1, 1, 1, 0, 0, 0, 0, 0, 0, 0, 0, 0, 
    1, 1, 1, 1, 1 ],

    [ GF(2) | 1, 0, 0, 0, 0, 0, 0, 0, 0, 0, 1, 0, 0, 1, 1, 1, 1, 1, 0, 0, 1, 1, 
    1, 1, 1, 1, 1 ],

    [ GF(2) | 1, 0, 0, 0, 0, 0, 0, 0, 0, 0, 1, 1, 0, 0, 1, 1, 0, 0, 0, 0, 0, 1, 
    1, 1, 1, 0, 0 ],

    [ GF(2) | 1, 0, 0, 0, 0, 0, 0, 0, 0, 0, 1, 0, 0, 0, 1, 1, 1, 0, 0, 0, 1, 1, 
    1, 1, 1, 1, 0 ],

    [ GF(2) | 1, 0, 0, 0, 0, 0, 0, 0, 0, 0, 1, 1, 0, 0, 1, 1, 1, 0, 0, 0, 0, 1, 
    1, 1, 1, 1, 0 ],

    [ GF(2) | 1, 0, 0, 0, 0, 0, 0, 0, 0, 0, 1, 1, 1, 1, 0, 0, 0, 0, 0, 0, 0, 0, 
    0, 1, 1, 1, 1 ],

    [ GF(2) | 1, 0, 0, 0, 0, 0, 0, 0, 0, 0, 1, 0, 0, 0, 1, 1, 1, 1, 0, 0, 1, 1, 
    1, 1, 1, 1, 1 ],

    [ GF(2) | 1, 0, 0, 0, 0, 0, 0, 0, 0, 0, 1, 1, 0, 0, 1, 1, 1, 1, 0, 0, 0, 1, 
    1, 1, 1, 1, 1 ],

    [ GF(2) | 1, 0, 0, 0, 0, 0, 0, 0, 0, 0, 1, 1, 0, 0, 0, 1, 1, 1, 0, 0, 0, 1, 
    1, 1, 1, 1, 1 ],

    [ GF(2) | 1, 0, 0, 1, 0, 0, 0, 0, 0, 0, 1, 0, 1, 0, 0, 0, 0, 0, 0, 0, 1, 1, 
    0, 0, 0, 0, 0 ],

    [ GF(2) | 1, 0, 1, 0, 0, 0, 0, 0, 0, 0, 1, 1, 0, 0, 0, 0, 0, 0, 0, 0, 0, 1, 
    1, 0, 0, 0, 0 ],

    [ GF(2) | 1, 0, 0, 1, 1, 0, 0, 0, 0, 0, 1, 0, 1, 1, 0, 0, 0, 0, 0, 0, 1, 1, 
    1, 0, 0, 0, 0 ],

    [ GF(2) | 1, 0, 1, 0, 0, 0, 0, 0, 0, 0, 1, 1, 0, 0, 0, 0, 0, 0, 0, 0, 0, 1, 
    1, 1, 0, 0, 0 ],

    [ GF(2) | 1, 0, 0, 1, 1, 1, 0, 0, 0, 0, 1, 0, 1, 1, 1, 0, 0, 0, 0, 0, 1, 1, 
    1, 1, 0, 0, 0 ],

    [ GF(2) | 1, 0, 1, 0, 0, 0, 0, 0, 0, 0, 1, 1, 0, 0, 0, 0, 0, 0, 0, 0, 0, 1, 
    1, 1, 1, 0, 0 ],

    [ GF(2) | 1, 0, 0, 1, 1, 1, 1, 0, 0, 0, 1, 0, 1, 1, 1, 1, 0, 0, 0, 0, 1, 1, 
    1, 1, 1, 0, 0 ],

    [ GF(2) | 1, 0, 1, 0, 0, 0, 0, 0, 0, 0, 1, 1, 0, 0, 0, 0, 0, 0, 0, 0, 0, 1, 
    1, 1, 1, 1, 0 ],

    [ GF(2) | 1, 0, 0, 1, 1, 1, 1, 1, 0, 0, 1, 0, 1, 1, 1, 1, 1, 0, 0, 0, 1, 1, 
    1, 1, 1, 1, 0 ],

    [ GF(2) | 1, 0, 1, 0, 0, 0, 0, 0, 0, 0, 1, 1, 0, 0, 0, 0, 0, 0, 0, 0, 0, 1, 
    1, 1, 1, 1, 1 ],

    [ GF(2) | 1, 0, 0, 1, 1, 1, 1, 1, 1, 0, 1, 0, 1, 1, 1, 1, 1, 1, 0, 0, 1, 1, 
    1, 1, 1, 1, 1 ],

    [ GF(2) | 1, 0, 0, 1, 1, 0, 0, 0, 0, 0, 1, 0, 1, 1, 0, 0, 0, 0, 0, 0, 1, 1, 
    0, 0, 0, 0, 0 ],

    [ GF(2) | 1, 1, 0, 0, 0, 0, 0, 0, 0, 0, 0, 1, 1, 0, 0, 0, 0, 0, 0, 0, 0, 0, 
    1, 1, 0, 0, 0 ],

    [ GF(2) | 1, 0, 0, 0, 1, 1, 0, 0, 0, 0, 1, 0, 0, 1, 1, 0, 0, 0, 0, 0, 1, 1, 
    0, 0, 0, 0, 0 ],

    [ GF(2) | 1, 0, 0, 1, 1, 1, 0, 0, 0, 0, 1, 0, 1, 1, 1, 0, 0, 0, 0, 0, 1, 1, 
    0, 0, 0, 0, 0 ],

    [ GF(2) | 1, 1, 0, 0, 0, 0, 0, 0, 0, 0, 0, 1, 1, 0, 0, 0, 0, 0, 0, 0, 0, 0, 
    1, 1, 1, 0, 0 ],

    [ GF(2) | 1, 0, 0, 0, 1, 1, 1, 0, 0, 0, 1, 0, 0, 1, 1, 1, 0, 0, 0, 0, 1, 1, 
    0, 0, 0, 0, 0 ],

    [ GF(2) | 1, 0, 0, 1, 1, 1, 1, 0, 0, 0, 1, 0, 1, 1, 1, 1, 0, 0, 0, 0, 1, 1, 
    0, 0, 0, 0, 0 ],

    [ GF(2) | 1, 1, 0, 0, 0, 0, 0, 0, 0, 0, 0, 1, 1, 0, 0, 0, 0, 0, 0, 0, 0, 0, 
    1, 1, 1, 1, 0 ],

    [ GF(2) | 1, 0, 0, 0, 1, 1, 1, 1, 0, 0, 1, 0, 0, 1, 1, 1, 1, 0, 0, 0, 1, 1, 
    0, 0, 0, 0, 0 ],

    [ GF(2) | 1, 0, 0, 1, 1, 1, 1, 1, 0, 0, 1, 0, 1, 1, 1, 1, 1, 0, 0, 0, 1, 1, 
    0, 0, 0, 0, 0 ],

    [ GF(2) | 1, 1, 0, 0, 0, 0, 0, 0, 0, 0, 0, 1, 1, 0, 0, 0, 0, 0, 0, 0, 0, 0, 
    1, 1, 1, 1, 1 ],

    [ GF(2) | 1, 0, 0, 0, 1, 1, 1, 1, 1, 0, 1, 0, 0, 1, 1, 1, 1, 1, 0, 0, 1, 1, 
    0, 0, 0, 0, 0 ],

    [ GF(2) | 1, 0, 0, 1, 1, 1, 1, 1, 1, 0, 1, 0, 1, 1, 1, 1, 1, 1, 0, 0, 1, 1, 
    0, 0, 0, 0, 0 ],

    [ GF(2) | 1, 0, 0, 0, 1, 1, 0, 0, 0, 0, 1, 0, 0, 1, 1, 0, 0, 0, 0, 0, 1, 1, 
    1, 1, 0, 0, 0 ],

    [ GF(2) | 1, 0, 0, 1, 1, 1, 0, 0, 0, 0, 1, 0, 1, 1, 1, 0, 0, 0, 0, 0, 1, 0, 
    1, 1, 0, 0, 0 ],

    [ GF(2) | 1, 0, 1, 1, 0, 0, 0, 0, 0, 0, 1, 1, 1, 0, 0, 0, 0, 0, 0, 0, 0, 0, 
    1, 1, 1, 0, 0 ],

    [ GF(2) | 1, 0, 0, 0, 1, 1, 1, 0, 0, 0, 1, 0, 0, 1, 1, 1, 0, 0, 0, 0, 1, 1, 
    1, 1, 1, 0, 0 ],

    [ GF(2) | 1, 0, 0, 1, 1, 1, 1, 0, 0, 0, 1, 0, 1, 1, 1, 1, 0, 0, 0, 0, 1, 0, 
    1, 1, 1, 0, 0 ],

    [ GF(2) | 1, 0, 1, 1, 0, 0, 0, 0, 0, 0, 1, 1, 1, 0, 0, 0, 0, 0, 0, 0, 0, 0, 
    1, 1, 1, 1, 0 ],

    [ GF(2) | 1, 0, 0, 0, 1, 1, 1, 1, 0, 0, 1, 0, 0, 1, 1, 1, 1, 0, 0, 0, 1, 1, 
    1, 1, 1, 1, 0 ],

    [ GF(2) | 1, 0, 0, 1, 1, 1, 1, 1, 0, 0, 1, 0, 1, 1, 1, 1, 1, 0, 0, 0, 1, 0, 
    1, 1, 1, 1, 0 ],

    [ GF(2) | 1, 0, 1, 1, 0, 0, 0, 0, 0, 0, 1, 1, 1, 0, 0, 0, 0, 0, 0, 0, 0, 0, 
    1, 1, 1, 1, 1 ],

    [ GF(2) | 1, 0, 0, 0, 1, 1, 1, 1, 1, 0, 1, 0, 0, 1, 1, 1, 1, 1, 0, 0, 1, 1, 
    1, 1, 1, 1, 1 ],

    [ GF(2) | 1, 0, 0, 1, 1, 1, 1, 1, 1, 0, 1, 0, 1, 1, 1, 1, 1, 1, 0, 0, 1, 0, 
    1, 1, 1, 1, 1 ],

    [ GF(2) | 1, 1, 0, 0, 0, 0, 0, 0, 0, 0, 0, 1, 0, 0, 1, 1, 0, 0, 0, 0, 0, 1, 
    1, 1, 1, 0, 0 ],

    [ GF(2) | 1, 0, 0, 1, 1, 1, 1, 0, 0, 0, 1, 0, 1, 1, 1, 1, 0, 0, 0, 0, 1, 1, 
    1, 0, 0, 0, 0 ],

    [ GF(2) | 1, 1, 0, 0, 0, 0, 0, 0, 0, 0, 0, 1, 1, 1, 0, 0, 0, 0, 0, 0, 0, 0, 
    0, 1, 1, 1, 0 ],

    [ GF(2) | 1, 0, 0, 0, 0, 1, 1, 1, 0, 0, 1, 0, 0, 0, 1, 1, 1, 0, 0, 0, 1, 1, 
    1, 0, 0, 0, 0 ],

    [ GF(2) | 1, 1, 0, 0, 0, 0, 0, 0, 0, 0, 0, 1, 0, 0, 1, 1, 1, 0, 0, 0, 0, 1, 
    1, 1, 1, 1, 0 ],

    [ GF(2) | 1, 0, 0, 1, 1, 1, 1, 1, 0, 0, 1, 0, 1, 1, 1, 1, 1, 0, 0, 0, 1, 1, 
    1, 0, 0, 0, 0 ],

    [ GF(2) | 1, 1, 0, 0, 0, 0, 0, 0, 0, 0, 0, 1, 1, 1, 0, 0, 0, 0, 0, 0, 0, 0, 
    0, 1, 1, 1, 1 ],

    [ GF(2) | 1, 0, 0, 0, 0, 1, 1, 1, 1, 0, 1, 0, 0, 0, 1, 1, 1, 1, 0, 0, 1, 1, 
    1, 0, 0, 0, 0 ],

    [ GF(2) | 1, 1, 0, 0, 0, 0, 0, 0, 0, 0, 0, 1, 0, 0, 1, 1, 1, 1, 0, 0, 0, 1, 
    1, 1, 1, 1, 1 ],

    [ GF(2) | 1, 0, 0, 1, 1, 1, 1, 1, 1, 0, 1, 0, 1, 1, 1, 1, 1, 1, 0, 0, 1, 1, 
    1, 0, 0, 0, 0 ],

    [ GF(2) | 1, 0, 1, 0, 0, 1, 1, 0, 0, 0, 1, 1, 0, 0, 1, 1, 0, 0, 0, 0, 0, 1, 
    1, 1, 1, 0, 0 ],

    [ GF(2) | 1, 0, 0, 0, 0, 1, 1, 1, 0, 0, 1, 0, 0, 0, 1, 1, 1, 0, 0, 0, 1, 1, 
    1, 1, 1, 1, 0 ],

    [ GF(2) | 1, 0, 0, 1, 1, 1, 1, 1, 0, 0, 1, 0, 1, 1, 1, 1, 1, 0, 0, 0, 1, 0, 
    0, 1, 1, 1, 0 ],

    [ GF(2) | 1, 0, 1, 0, 0, 1, 1, 1, 0, 0, 1, 1, 0, 0, 1, 1, 1, 0, 0, 0, 0, 1, 
    1, 1, 1, 1, 0 ],

    [ GF(2) | 1, 0, 1, 1, 1, 0, 0, 0, 0, 0, 1, 1, 1, 1, 0, 0, 0, 0, 0, 0, 0, 0, 
    0, 1, 1, 1, 1 ],

    [ GF(2) | 1, 0, 0, 0, 0, 1, 1, 1, 1, 0, 1, 0, 0, 0, 1, 1, 1, 1, 0, 0, 1, 1, 
    1, 1, 1, 1, 1 ],

    [ GF(2) | 1, 0, 0, 1, 1, 1, 1, 1, 1, 0, 1, 0, 1, 1, 1, 1, 1, 1, 0, 0, 1, 0, 
    0, 1, 1, 1, 1 ],

    [ GF(2) | 1, 0, 1, 0, 0, 1, 1, 1, 1, 0, 1, 1, 0, 0, 1, 1, 1, 1, 0, 0, 0, 1, 
    1, 1, 1, 1, 1 ],

    [ GF(2) | 1, 1, 0, 0, 0, 0, 0, 0, 0, 0, 0, 1, 1, 0, 0, 1, 1, 0, 0, 0, 0, 0, 
    1, 1, 1, 1, 0 ],

    [ GF(2) | 1, 0, 0, 0, 1, 1, 1, 1, 0, 0, 1, 0, 0, 1, 1, 1, 1, 0, 0, 0, 1, 1, 
    1, 1, 0, 0, 0 ],

    [ GF(2) | 1, 1, 0, 0, 0, 0, 0, 0, 0, 0, 0, 1, 0, 0, 0, 1, 1, 1, 0, 0, 0, 1, 
    1, 1, 1, 1, 1 ],

    [ GF(2) | 1, 0, 0, 1, 1, 1, 1, 1, 1, 0, 1, 0, 1, 1, 1, 1, 1, 1, 0, 0, 1, 1, 
    1, 1, 0, 0, 0 ],

    [ GF(2) | 1, 1, 0, 0, 0, 0, 0, 0, 0, 0, 0, 1, 1, 0, 0, 1, 1, 1, 0, 0, 0, 0, 
    1, 1, 1, 1, 1 ],

    [ GF(2) | 1, 0, 0, 0, 1, 1, 1, 1, 1, 0, 1, 0, 0, 1, 1, 1, 1, 1, 0, 0, 1, 1, 
    1, 1, 0, 0, 0 ],

    [ GF(2) | 1, 0, 1, 0, 0, 0, 1, 1, 1, 0, 1, 1, 0, 0, 0, 1, 1, 1, 0, 0, 0, 1, 
    1, 1, 1, 1, 1 ],

    [ GF(2) | 1, 0, 0, 0, 1, 1, 1, 1, 1, 0, 1, 0, 0, 1, 1, 1, 1, 1, 0, 0, 1, 1, 
    0, 0, 1, 1, 1 ],

    [ GF(2) | 1, 0, 0, 1, 1, 0, 0, 0, 0, 0, 1, 0, 1, 0, 1, 0, 0, 0, 0, 0, 1, 0, 
    1, 1, 0, 0, 0 ],

    [ GF(2) | 1, 0, 0, 0, 0, 1, 1, 0, 0, 0, 1, 1, 0, 0, 1, 1, 0, 0, 0, 0, 0, 1, 
    1, 1, 1, 0, 0 ],

    [ GF(2) | 1, 0, 0, 1, 1, 0, 0, 0, 0, 0, 1, 0, 0, 0, 1, 1, 0, 0, 0, 0, 1, 1, 
    1, 1, 1, 0, 0 ],

    [ GF(2) | 1, 0, 0, 1, 1, 0, 0, 0, 0, 0, 1, 0, 1, 0, 1, 1, 0, 0, 0, 0, 1, 0, 
    1, 1, 1, 0, 0 ],

    [ GF(2) | 1, 0, 0, 1, 1, 0, 0, 0, 0, 0, 1, 1, 1, 1, 0, 0, 0, 0, 0, 0, 0, 0, 
    0, 1, 1, 1, 0 ],

    [ GF(2) | 1, 0, 0, 0, 0, 1, 1, 1, 0, 0, 1, 1, 0, 0, 1, 1, 1, 0, 0, 0, 0, 1, 
    1, 1, 1, 1, 0 ],

    [ GF(2) | 1, 0, 0, 1, 1, 0, 0, 0, 0, 0, 1, 0, 0, 0, 1, 1, 1, 0, 0, 0, 1, 1, 
    1, 1, 1, 1, 0 ],

    [ GF(2) | 1, 0, 0, 1, 1, 0, 0, 0, 0, 0, 1, 0, 1, 0, 1, 1, 1, 0, 0, 0, 1, 0, 
    1, 1, 1, 1, 0 ],

    [ GF(2) | 1, 0, 0, 1, 1, 0, 0, 0, 0, 0, 1, 1, 1, 1, 0, 0, 0, 0, 0, 0, 0, 0, 
    0, 1, 1, 1, 1 ],

    [ GF(2) | 1, 0, 0, 0, 0, 1, 1, 1, 1, 0, 1, 1, 0, 0, 1, 1, 1, 1, 0, 0, 0, 1, 
    1, 1, 1, 1, 1 ],

    [ GF(2) | 1, 0, 0, 1, 1, 0, 0, 0, 0, 0, 1, 0, 0, 0, 1, 1, 1, 1, 0, 0, 1, 1, 
    1, 1, 1, 1, 1 ],

    [ GF(2) | 1, 0, 0, 1, 1, 0, 0, 0, 0, 0, 1, 0, 1, 0, 1, 1, 1, 1, 0, 0, 1, 0, 
    1, 1, 1, 1, 1 ],

    [ GF(2) | 1, 0, 0, 0, 1, 1, 1, 1, 0, 0, 1, 1, 0, 1, 1, 1, 1, 0, 0, 0, 0, 1, 
    1, 1, 0, 0, 0 ],

    [ GF(2) | 1, 1, 1, 0, 0, 0, 0, 0, 0, 0, 0, 0, 1, 1, 1, 0, 0, 0, 0, 0, 0, 0, 
    0, 0, 1, 1, 1 ],

    [ GF(2) | 1, 0, 0, 0, 0, 0, 1, 1, 1, 0, 1, 1, 0, 0, 0, 1, 1, 1, 0, 0, 0, 1, 
    1, 1, 0, 0, 0 ],

    [ GF(2) | 1, 0, 0, 0, 1, 1, 1, 1, 1, 0, 1, 1, 0, 1, 1, 1, 1, 1, 0, 0, 0, 1, 
    1, 1, 0, 0, 0 ],

    [ GF(2) | 1, 0, 0, 1, 0, 0, 1, 1, 0, 0, 1, 1, 1, 0, 0, 1, 1, 0, 0, 0, 0, 0, 
    1, 1, 1, 1, 0 ],

    [ GF(2) | 1, 0, 0, 1, 1, 1, 0, 0, 0, 0, 1, 0, 1, 0, 0, 1, 1, 0, 0, 0, 1, 0, 
    1, 1, 1, 1, 0 ],

    [ GF(2) | 1, 0, 0, 0, 0, 0, 1, 1, 1, 0, 1, 1, 0, 0, 0, 1, 1, 1, 0, 0, 0, 1, 
    1, 1, 1, 1, 1 ],

    [ GF(2) | 1, 0, 0, 1, 1, 1, 0, 0, 0, 0, 1, 0, 0, 0, 0, 1, 1, 1, 0, 0, 1, 1, 
    1, 1, 1, 1, 1 ],

    [ GF(2) | 1, 0, 0, 0, 1, 1, 1, 1, 1, 0, 1, 1, 0, 1, 1, 1, 1, 1, 0, 0, 0, 1, 
    0, 0, 1, 1, 1 ],

    [ GF(2) | 1, 0, 0, 1, 0, 0, 1, 1, 1, 0, 1, 1, 1, 0, 0, 1, 1, 1, 0, 0, 0, 0, 
    1, 1, 1, 1, 1 ],

    [ GF(2) | 1, 0, 0, 1, 1, 1, 0, 0, 0, 0, 1, 0, 1, 0, 0, 1, 1, 1, 0, 0, 1, 0, 
    1, 1, 1, 1, 1 ],

    [ GF(2) | 1, 1, 1, 0, 0, 0, 0, 0, 0, 0, 0, 0, 1, 1, 0, 0, 1, 1, 0, 0, 0, 0, 
    0, 1, 1, 1, 1 ],

    [ GF(2) | 1, 0, 0, 0, 0, 1, 1, 1, 1, 0, 1, 1, 0, 0, 1, 1, 1, 1, 0, 0, 0, 1, 
    1, 1, 1, 0, 0 ],

    [ GF(2) | 1, 0, 0, 1, 1, 1, 1, 0, 0, 0, 1, 0, 1, 1, 0, 0, 1, 1, 0, 0, 1, 0, 
    0, 1, 1, 1, 1 ],

    [ GF(2) | 1, 0, 0, 1, 0, 1, 1, 0, 0, 0, 1, 0, 1, 1, 0, 1, 0, 0, 0, 0, 1, 1, 
    1, 1, 0, 0, 0 ],

    [ GF(2) | 1, 1, 0, 0, 0, 0, 1, 1, 0, 0, 0, 1, 1, 0, 0, 1, 1, 0, 0, 0, 0, 0, 
    1, 1, 1, 1, 0 ],

    [ GF(2) | 1, 0, 0, 1, 1, 1, 1, 1, 0, 0, 1, 0, 1, 0, 0, 1, 1, 0, 0, 0, 1, 1, 
    1, 1, 0, 0, 0 ],

    [ GF(2) | 1, 0, 0, 1, 0, 1, 1, 1, 0, 0, 1, 0, 1, 1, 0, 1, 1, 0, 0, 0, 1, 1, 
    1, 1, 0, 0, 0 ],

    [ GF(2) | 1, 0, 0, 0, 0, 0, 1, 1, 1, 0, 1, 0, 0, 1, 1, 1, 1, 1, 0, 0, 1, 1, 
    1, 1, 0, 0, 0 ],

    [ GF(2) | 1, 1, 0, 0, 0, 0, 1, 1, 1, 0, 0, 1, 1, 0, 0, 1, 1, 1, 0, 0, 0, 0, 
    1, 1, 1, 1, 1 ],

    [ GF(2) | 1, 0, 0, 1, 1, 1, 1, 1, 1, 0, 1, 0, 1, 0, 0, 1, 1, 1, 0, 0, 1, 1, 
    1, 1, 0, 0, 0 ],

    [ GF(2) | 1, 0, 0, 1, 0, 1, 1, 1, 1, 0, 1, 0, 1, 1, 0, 1, 1, 1, 0, 0, 1, 1, 
    1, 1, 0, 0, 0 ],

    [ GF(2) | 1, 0, 0, 0, 1, 1, 1, 0, 0, 0, 1, 0, 0, 1, 0, 0, 1, 1, 0, 0, 1, 1, 
    0, 1, 1, 1, 1 ],

    [ GF(2) | 1, 0, 0, 0, 1, 1, 1, 0, 0, 0, 1, 0, 0, 0, 1, 1, 1, 1, 0, 0, 1, 1, 
    1, 0, 0, 1, 1 ],

    [ GF(2) | 1, 1, 0, 0, 1, 0, 0, 1, 1, 0, 0, 1, 1, 1, 0, 0, 1, 1, 0, 0, 0, 0, 
    0, 1, 1, 1, 1 ],

    [ GF(2) | 1, 0, 0, 1, 0, 1, 1, 1, 1, 0, 1, 0, 1, 1, 0, 0, 1, 1, 0, 0, 1, 1, 
    1, 1, 1, 0, 0 ]
]
