\[ 106, 106 ]
[ RMatrixSpace(IntegerRing(), 4, 8) |
    \[ 4, 6, 4, 1, 0, 0, 0, 0, 0, 6, 16, 13, 0, 0, 0, 0, 0, 0, 4, 11, 0, 0, 0, 
    0, 0, 0, 0, 1, 0, 0, 0, 0 ],

    \[ 3, 4, 4, 3, 1, 0, 0, 0, 0, 3, 7, 12, 13, 0, 0, 0, 0, 0, 1, 3, 11, 0, 0, 
    0, 0, 0, 0, 0, 1, 0, 0, 0 ],

    \[ 3, 3, 2, 3, 3, 1, 0, 0, 0, 3, 4, 3, 12, 13, 0, 0, 0, 0, 1, 0, 3, 11, 0, 
    0, 0, 0, 0, 0, 0, 1, 0, 0 ],

    \[ 3, 3, 1, 1, 3, 3, 1, 0, 0, 3, 4, 0, 3, 12, 13, 0, 0, 0, 1, 0, 0, 3, 11, 
    0, 0, 0, 0, 0, 0, 0, 1, 0 ],

    \[ 3, 3, 1, 0, 1, 3, 3, 1, 0, 3, 4, 0, 0, 3, 12, 13, 0, 0, 1, 0, 0, 0, 3, 
    11, 0, 0, 0, 0, 0, 0, 0, 1 ],

    \[ 2, 4, 6, 3, 0, 0, 0, 0, 0, 1, 7, 18, 9, 0, 0, 0, 0, 0, 0, 5, 10, 0, 0, 0,
    0, 0, 0, 0, 1, 0, 0, 0 ],

    \[ 2, 3, 4, 3, 2, 1, 0, 0, 0, 1, 4, 9, 8, 13, 0, 0, 0, 0, 0, 2, 2, 11, 0, 0,
    0, 0, 0, 0, 0, 1, 0, 0 ],

    \[ 2, 2, 4, 5, 2, 0, 0, 0, 0, 1, 2, 9, 14, 9, 0, 0, 0, 0, 0, 1, 4, 10, 0, 0,
    0, 0, 0, 0, 0, 1, 0, 0 ],

    \[ 2, 2, 3, 3, 2, 2, 1, 0, 0, 1, 2, 6, 5, 8, 13, 0, 0, 0, 0, 1, 1, 2, 11, 0,
    0, 0, 0, 0, 0, 0, 1, 0 ],

    \[ 2, 2, 2, 3, 4, 2, 0, 0, 0, 1, 2, 4, 5, 14, 9, 0, 0, 0, 0, 1, 0, 4, 10, 0,
    0, 0, 0, 0, 0, 0, 1, 0 ],

    \[ 2, 2, 2, 2, 2, 2, 2, 1, 0, 1, 2, 4, 2, 5, 8, 13, 0, 0, 0, 1, 0, 1, 2, 11,
    0, 0, 0, 0, 0, 0, 0, 1 ],

    \[ 2, 2, 2, 1, 2, 4, 2, 0, 0, 1, 2, 4, 0, 5, 14, 9, 0, 0, 0, 1, 0, 0, 4, 10,
    0, 0, 0, 0, 0, 0, 0, 1 ],

    \[ 2, 1, 2, 5, 4, 1, 0, 0, 0, 1, 0, 4, 11, 10, 9, 0, 0, 0, 0, 0, 2, 3, 10, 
    0, 0, 0, 0, 0, 0, 0, 1, 0 ],

    \[ 2, 1, 2, 4, 2, 1, 2, 1, 0, 1, 0, 4, 8, 1, 8, 13, 0, 0, 0, 0, 2, 0, 2, 11,
    0, 0, 0, 0, 0, 0, 0, 1 ],

    \[ 2, 1, 1, 3, 4, 3, 1, 0, 0, 1, 0, 2, 6, 7, 10, 9, 0, 0, 0, 0, 1, 1, 3, 10,
    0, 0, 0, 0, 0, 0, 0, 1 ],

    \[ 2, 1, 0, 3, 6, 3, 0, 0, 0, 1, 0, 0, 6, 13, 6, 9, 0, 0, 0, 0, 0, 3, 2, 10,
    0, 0, 0, 0, 0, 0, 0, 1 ],

    \[ 1, 6, 6, 1, 1, 0, 0, 0, 0, 0, 10, 15, 10, 0, 0, 0, 0, 0, 0, 5, 10, 0, 0, 
    0, 0, 0, 0, 0, 1, 0, 0, 0 ],

    \[ 1, 4, 4, 3, 3, 0, 0, 0, 0, 0, 5, 6, 15, 9, 0, 0, 0, 0, 0, 1, 4, 10, 0, 0,
    0, 0, 0, 0, 0, 1, 0, 0 ],

    \[ 1, 3, 6, 3, 1, 1, 0, 0, 0, 0, 4, 9, 12, 10, 0, 0, 0, 0, 0, 1, 4, 10, 0, 
    0, 0, 0, 0, 0, 0, 1, 0, 0 ],

    \[ 1, 3, 4, 1, 3, 3, 0, 0, 0, 0, 4, 4, 3, 15, 9, 0, 0, 0, 0, 1, 0, 4, 10, 0,
    0, 0, 0, 0, 0, 0, 1, 0 ],

    \[ 1, 3, 3, 3, 3, 1, 1, 0, 0, 0, 4, 3, 6, 12, 10, 0, 0, 0, 0, 1, 0, 4, 10, 
    0, 0, 0, 0, 0, 0, 0, 1, 0 ],

    \[ 1, 3, 3, 1, 1, 3, 3, 0, 0, 0, 4, 3, 1, 3, 15, 9, 0, 0, 0, 1, 0, 0, 4, 10,
    0, 0, 0, 0, 0, 0, 0, 1 ],

    \[ 1, 3, 3, 0, 3, 3, 1, 1, 0, 0, 4, 3, 0, 6, 12, 10, 0, 0, 0, 1, 0, 0, 4, 
    10, 0, 0, 0, 0, 0, 0, 0, 1 ],

    \[ 1, 2, 6, 5, 1, 0, 0, 0, 0, 0, 2, 9, 18, 6, 0, 0, 0, 0, 0, 0, 6, 9, 0, 0, 
    0, 0, 0, 0, 0, 1, 0, 0 ],

    \[ 1, 3, 3, 3, 3, 1, 1, 0, 0, 0, 3, 3, 12, 4, 13, 0, 0, 0, 0, 0, 3, 1, 11, 
    0, 0, 0, 0, 0, 0, 0, 1, 0 ],

    \[ 1, 2, 4, 3, 3, 2, 0, 0, 0, 0, 2, 4, 9, 11, 9, 0, 0, 0, 0, 0, 2, 3, 10, 0,
    0, 0, 0, 0, 0, 0, 1, 0 ],

    \[ 1, 2, 2, 5, 5, 0, 0, 0, 0, 0, 2, 1, 12, 14, 6, 0, 0, 0, 0, 0, 1, 5, 9, 0,
    0, 0, 0, 0, 0, 0, 1, 0 ],

    \[ 1, 2, 3, 2, 3, 2, 1, 1, 0, 0, 2, 2, 6, 8, 4, 13, 0, 0, 0, 0, 1, 2, 1, 11,
    0, 0, 0, 0, 0, 0, 0, 1 ],

    \[ 1, 2, 2, 3, 3, 2, 2, 0, 0, 0, 2, 1, 7, 5, 11, 9, 0, 0, 0, 0, 1, 1, 3, 10,
    0, 0, 0, 0, 0, 0, 0, 1 ],

    \[ 1, 2, 2, 1, 5, 4, 0, 0, 0, 0, 2, 1, 4, 8, 14, 6, 0, 0, 0, 0, 1, 0, 5, 9, 
    0, 0, 0, 0, 0, 0, 0, 1 ],

    \[ 1, 1, 5, 5, 1, 1, 1, 0, 0, 0, 1, 6, 9, 9, 10, 0, 0, 0, 0, 0, 2, 3, 10, 0,
    0, 0, 0, 0, 0, 0, 1, 0 ],

    \[ 1, 1, 4, 5, 3, 1, 0, 0, 0, 0, 1, 4, 9, 15, 6, 0, 0, 0, 0, 0, 1, 5, 9, 0, 
    0, 0, 0, 0, 0, 0, 1, 0 ],

    \[ 1, 1, 4, 3, 1, 3, 2, 0, 0, 0, 1, 4, 4, 6, 11, 9, 0, 0, 0, 0, 1, 1, 3, 10,
    0, 0, 0, 0, 0, 0, 0, 1 ],

    \[ 1, 1, 3, 4, 3, 1, 1, 1, 0, 0, 1, 3, 6, 6, 9, 10, 0, 0, 0, 0, 1, 1, 3, 10,
    0, 0, 0, 0, 0, 0, 0, 1 ],

    \[ 1, 1, 3, 3, 3, 3, 1, 0, 0, 0, 1, 3, 4, 6, 15, 6, 0, 0, 0, 0, 1, 0, 5, 9, 
    0, 0, 0, 0, 0, 0, 0, 1 ],

    \[ 1, 1, 3, 3, 3, 3, 1, 0, 0, 0, 1, 2, 4, 12, 7, 9, 0, 0, 0, 0, 0, 3, 2, 10,
    0, 0, 0, 0, 0, 0, 0, 1 ],

    \[ 1, 1, 2, 3, 5, 3, 0, 0, 0, 0, 1, 1, 4, 12, 11, 6, 0, 0, 0, 0, 0, 2, 4, 9,
    0, 0, 0, 0, 0, 0, 0, 1 ],

    \[ 1, 1, 1, 5, 5, 1, 1, 0, 0, 0, 1, 0, 7, 9, 12, 6, 0, 0, 0, 0, 0, 2, 4, 9, 
    0, 0, 0, 0, 0, 0, 0, 1 ],

    \[ 1, 0, 4, 7, 3, 0, 0, 0, 0, 0, 0, 4, 9, 19, 3, 0, 0, 0, 0, 0, 0, 7, 8, 0, 
    0, 0, 0, 0, 0, 0, 1, 0 ],

    \[ 1, 0, 3, 6, 3, 0, 1, 1, 0, 0, 0, 3, 6, 10, 6, 10, 0, 0, 0, 0, 0, 3, 2, 
    10, 0, 0, 0, 0, 0, 0, 0, 1 ],

    \[ 1, 0, 3, 5, 3, 2, 1, 0, 0, 0, 0, 3, 4, 10, 12, 6, 0, 0, 0, 0, 0, 2, 4, 9,
    0, 0, 0, 0, 0, 0, 0, 1 ],

    \[ 1, 0, 2, 5, 5, 2, 0, 0, 0, 0, 0, 2, 4, 10, 16, 3, 0, 0, 0, 0, 0, 1, 6, 8,
    0, 0, 0, 0, 0, 0, 0, 1 ],

    \[ 1, 0, 0, 7, 7, 0, 0, 0, 0, 0, 0, 0, 7, 7, 21, 0, 0, 0, 0, 0, 0, 0, 8, 7, 
    0, 0, 0, 0, 0, 0, 0, 1 ],

    \[ 0, 10, 0, 5, 0, 0, 0, 0, 0, 0, 10, 15, 10, 0, 0, 0, 0, 0, 0, 5, 10, 0, 0,
    0, 0, 0, 0, 0, 1, 0, 0, 0 ],

    \[ 0, 7, 0, 7, 0, 1, 0, 0, 0, 0, 4, 9, 12, 10, 0, 0, 0, 0, 0, 1, 4, 10, 0, 
    0, 0, 0, 0, 0, 0, 1, 0, 0 ],

    \[ 0, 6, 4, 1, 4, 0, 0, 0, 0, 0, 4, 9, 12, 10, 0, 0, 0, 0, 0, 1, 4, 10, 0, 
    0, 0, 0, 0, 0, 0, 1, 0, 0 ],

    \[ 0, 6, 1, 1, 6, 0, 1, 0, 0, 0, 4, 3, 6, 12, 10, 0, 0, 0, 0, 1, 0, 4, 10, 
    0, 0, 0, 0, 0, 0, 0, 1, 0 ],

    \[ 0, 6, 0, 5, 0, 4, 0, 0, 0, 0, 4, 3, 6, 12, 10, 0, 0, 0, 0, 1, 0, 4, 10, 
    0, 0, 0, 0, 0, 0, 0, 1, 0 ],

    \[ 0, 6, 0, 2, 0, 6, 0, 1, 0, 0, 4, 3, 0, 6, 12, 10, 0, 0, 0, 1, 0, 0, 4, 
    10, 0, 0, 0, 0, 0, 0, 0, 1 ],

    \[ 0, 6, 0, 1, 4, 0, 4, 0, 0, 0, 4, 3, 0, 6, 12, 10, 0, 0, 0, 1, 0, 0, 4, 
    10, 0, 0, 0, 0, 0, 0, 0, 1 ],

    \[ 0, 6, 0, 9, 0, 0, 0, 0, 0, 0, 2, 9, 18, 6, 0, 0, 0, 0, 0, 0, 6, 9, 0, 0, 
    0, 0, 0, 0, 0, 1, 0, 0 ],

    \[ 0, 4, 6, 3, 2, 0, 0, 0, 0, 0, 1, 12, 15, 7, 0, 0, 0, 0, 0, 0, 6, 9, 0, 0,
    0, 0, 0, 0, 0, 1, 0, 0 ],

    \[ 0, 5, 0, 7, 0, 3, 0, 0, 0, 0, 1, 7, 6, 12, 9, 0, 0, 0, 0, 0, 2, 3, 10, 0,
    0, 0, 0, 0, 0, 0, 1, 0 ],

    \[ 0, 4, 3, 3, 4, 0, 1, 0, 0, 0, 1, 6, 9, 9, 10, 0, 0, 0, 0, 0, 2, 3, 10, 0,
    0, 0, 0, 0, 0, 0, 1, 0 ],

    \[ 0, 4, 2, 3, 6, 0, 0, 0, 0, 0, 1, 4, 9, 15, 6, 0, 0, 0, 0, 0, 1, 5, 9, 0, 
    0, 0, 0, 0, 0, 0, 1, 0 ],

    \[ 0, 4, 0, 9, 0, 2, 0, 0, 0, 0, 1, 3, 12, 12, 7, 0, 0, 0, 0, 0, 1, 5, 9, 0,
    0, 0, 0, 0, 0, 0, 1, 0 ],

    \[ 0, 4, 1, 3, 4, 0, 3, 0, 0, 0, 1, 3, 7, 3, 12, 9, 0, 0, 0, 0, 1, 1, 3, 10,
    0, 0, 0, 0, 0, 0, 0, 1 ],

    \[ 0, 4, 0, 6, 0, 4, 0, 1, 0, 0, 1, 3, 6, 6, 9, 10, 0, 0, 0, 0, 1, 1, 3, 10,
    0, 0, 0, 0, 0, 0, 0, 1 ],

    \[ 0, 4, 0, 5, 0, 6, 0, 0, 0, 0, 1, 3, 4, 6, 15, 6, 0, 0, 0, 0, 1, 0, 5, 9, 
    0, 0, 0, 0, 0, 0, 0, 1 ],

    \[ 0, 4, 0, 3, 6, 0, 2, 0, 0, 0, 1, 3, 3, 9, 12, 7, 0, 0, 0, 0, 1, 0, 5, 9, 
    0, 0, 0, 0, 0, 0, 0, 1 ],

    \[ 0, 3, 6, 1, 2, 3, 0, 0, 0, 0, 1, 6, 9, 9, 10, 0, 0, 0, 0, 0, 2, 3, 10, 0,
    0, 0, 0, 0, 0, 0, 1, 0 ],

    \[ 0, 3, 4, 3, 4, 1, 0, 0, 0, 0, 1, 3, 12, 12, 7, 0, 0, 0, 0, 0, 1, 5, 9, 0,
    0, 0, 0, 0, 0, 0, 1, 0 ],

    \[ 0, 3, 4, 0, 4, 3, 0, 1, 0, 0, 1, 3, 6, 6, 9, 10, 0, 0, 0, 0, 1, 1, 3, 10,
    0, 0, 0, 0, 0, 0, 0, 1 ],

    \[ 0, 3, 3, 3, 2, 1, 3, 0, 0, 0, 1, 3, 6, 6, 9, 10, 0, 0, 0, 0, 1, 1, 3, 10,
    0, 0, 0, 0, 0, 0, 0, 1 ],

    \[ 0, 3, 3, 1, 4, 3, 1, 0, 0, 0, 1, 3, 3, 9, 12, 7, 0, 0, 0, 0, 1, 0, 5, 9, 
    0, 0, 0, 0, 0, 0, 0, 1 ],

    \[ 0, 3, 2, 1, 6, 3, 0, 0, 0, 0, 1, 0, 7, 9, 12, 6, 0, 0, 0, 0, 0, 2, 4, 9, 
    0, 0, 0, 0, 0, 0, 0, 1 ],

    \[ 0, 3, 1, 3, 6, 1, 1, 0, 0, 0, 1, 0, 6, 12, 9, 7, 0, 0, 0, 0, 0, 2, 4, 9, 
    0, 0, 0, 0, 0, 0, 0, 1 ],

    \[ 0, 3, 0, 7, 0, 5, 0, 0, 0, 0, 1, 0, 6, 12, 9, 7, 0, 0, 0, 0, 0, 2, 4, 9, 
    0, 0, 0, 0, 0, 0, 0, 1 ],

    \[ 0, 3, 8, 3, 0, 1, 0, 0, 0, 0, 0, 15, 12, 8, 0, 0, 0, 0, 0, 0, 6, 9, 0, 0,
    0, 0, 0, 0, 0, 1, 0, 0 ],

    \[ 0, 3, 4, 3, 4, 1, 0, 0, 0, 0, 0, 7, 6, 16, 6, 0, 0, 0, 0, 0, 1, 5, 9, 0, 
    0, 0, 0, 0, 0, 0, 1, 0 ],

    \[ 0, 2, 6, 3, 2, 2, 0, 0, 0, 0, 0, 6, 9, 13, 7, 0, 0, 0, 0, 0, 1, 5, 9, 0, 
    0, 0, 0, 0, 0, 0, 1, 0 ],

    \[ 0, 2, 5, 5, 2, 0, 1, 0, 0, 0, 0, 5, 12, 10, 8, 0, 0, 0, 0, 0, 1, 5, 9, 0,
    0, 0, 0, 0, 0, 0, 1, 0 ],

    \[ 0, 2, 5, 1, 2, 4, 1, 0, 0, 0, 0, 5, 4, 4, 16, 6, 0, 0, 0, 0, 1, 0, 5, 9, 
    0, 0, 0, 0, 0, 0, 0, 1 ],

    \[ 0, 2, 4, 3, 2, 2, 2, 0, 0, 0, 0, 5, 3, 7, 13, 7, 0, 0, 0, 0, 1, 0, 5, 9, 
    0, 0, 0, 0, 0, 0, 0, 1 ],

    \[ 0, 2, 4, 2, 4, 2, 0, 1, 0, 0, 0, 5, 2, 10, 10, 8, 0, 0, 0, 0, 1, 0, 5, 9,
    0, 0, 0, 0, 0, 0, 0, 1 ],

    \[ 0, 3, 0, 11, 0, 1, 0, 0, 0, 0, 0, 3, 12, 16, 4, 0, 0, 0, 0, 0, 0, 7, 8, 
    0, 0, 0, 0, 0, 0, 0, 1, 0 ],

    \[ 0, 4, 0, 6, 0, 4, 0, 1, 0, 0, 0, 6, 0, 16, 0, 13, 0, 0, 0, 0, 0, 4, 0, 
    11, 0, 0, 0, 0, 0, 0, 0, 1 ],

    \[ 0, 3, 2, 3, 4, 1, 2, 0, 0, 0, 0, 4, 4, 10, 8, 9, 0, 0, 0, 0, 0, 3, 2, 10,
    0, 0, 0, 0, 0, 0, 0, 1 ],

    \[ 0, 3, 0, 7, 0, 5, 0, 0, 0, 0, 0, 3, 4, 10, 12, 6, 0, 0, 0, 0, 0, 2, 4, 9,
    0, 0, 0, 0, 0, 0, 0, 1 ],

    \[ 0, 3, 0, 3, 8, 1, 0, 0, 0, 0, 0, 3, 0, 16, 12, 4, 0, 0, 0, 0, 0, 1, 6, 8,
    0, 0, 0, 0, 0, 0, 0, 1 ],

    \[ 0, 2, 4, 5, 4, 0, 0, 0, 0, 0, 0, 3, 12, 16, 4, 0, 0, 0, 0, 0, 0, 7, 8, 0,
    0, 0, 0, 0, 0, 0, 1, 0 ],

    \[ 0, 2, 4, 2, 4, 2, 0, 1, 0, 0, 0, 3, 6, 10, 6, 10, 0, 0, 0, 0, 0, 3, 2, 
    10, 0, 0, 0, 0, 0, 0, 0, 1 ],

    \[ 0, 2, 4, 1, 4, 4, 0, 0, 0, 0, 0, 3, 4, 10, 12, 6, 0, 0, 0, 0, 0, 2, 4, 9,
    0, 0, 0, 0, 0, 0, 0, 1 ],

    \[ 0, 2, 2, 5, 4, 0, 2, 0, 0, 0, 0, 2, 6, 10, 10, 7, 0, 0, 0, 0, 0, 2, 4, 9,
    0, 0, 0, 0, 0, 0, 0, 1 ],

    \[ 0, 2, 3, 3, 4, 2, 1, 0, 0, 0, 0, 2, 7, 7, 13, 6, 0, 0, 0, 0, 0, 2, 4, 9, 
    0, 0, 0, 0, 0, 0, 0, 1 ],

    \[ 0, 2, 2, 3, 6, 2, 0, 0, 0, 0, 0, 2, 3, 13, 13, 4, 0, 0, 0, 0, 0, 1, 6, 8,
    0, 0, 0, 0, 0, 0, 0, 1 ],

    \[ 0, 2, 0, 10, 0, 2, 0, 1, 0, 0, 0, 1, 8, 10, 8, 8, 0, 0, 0, 0, 0, 2, 4, 9,
    0, 0, 0, 0, 0, 0, 0, 1 ],

    \[ 0, 2, 1, 5, 6, 0, 1, 0, 0, 0, 0, 1, 6, 10, 14, 4, 0, 0, 0, 0, 0, 1, 6, 8,
    0, 0, 0, 0, 0, 0, 0, 1 ],

    \[ 0, 2, 0, 9, 0, 4, 0, 0, 0, 0, 0, 1, 6, 10, 14, 4, 0, 0, 0, 0, 0, 1, 6, 8,
    0, 0, 0, 0, 0, 0, 0, 1 ],

    \[ 0, 1, 6, 5, 2, 1, 0, 0, 0, 0, 0, 2, 15, 13, 5, 0, 0, 0, 0, 0, 0, 7, 8, 0,
    0, 0, 0, 0, 0, 0, 1, 0 ],

    \[ 0, 1, 6, 3, 0, 3, 2, 0, 0, 0, 0, 3, 6, 10, 6, 10, 0, 0, 0, 0, 0, 3, 2, 
    10, 0, 0, 0, 0, 0, 0, 0, 1 ],

    \[ 0, 1, 5, 3, 2, 3, 1, 0, 0, 0, 0, 2, 6, 10, 10, 7, 0, 0, 0, 0, 0, 2, 4, 9,
    0, 0, 0, 0, 0, 0, 0, 1 ],

    \[ 0, 1, 4, 3, 4, 3, 0, 0, 0, 0, 0, 2, 2, 16, 10, 5, 0, 0, 0, 0, 0, 1, 6, 8,
    0, 0, 0, 0, 0, 0, 0, 1 ],

    \[ 0, 1, 4, 5, 2, 1, 2, 0, 0, 0, 0, 1, 9, 7, 11, 7, 0, 0, 0, 0, 0, 2, 4, 9, 
    0, 0, 0, 0, 0, 0, 0, 1 ],

    \[ 0, 1, 4, 4, 4, 1, 0, 1, 0, 0, 0, 1, 8, 10, 8, 8, 0, 0, 0, 0, 0, 2, 4, 9, 
    0, 0, 0, 0, 0, 0, 0, 1 ],

    \[ 0, 1, 4, 3, 4, 3, 0, 0, 0, 0, 0, 1, 6, 10, 14, 4, 0, 0, 0, 0, 0, 1, 6, 8,
    0, 0, 0, 0, 0, 0, 0, 1 ],

    \[ 0, 1, 3, 5, 4, 1, 1, 0, 0, 0, 0, 1, 5, 13, 11, 5, 0, 0, 0, 0, 0, 1, 6, 8,
    0, 0, 0, 0, 0, 0, 0, 1 ],

    \[ 0, 1, 4, 3, 4, 3, 0, 0, 0, 0, 0, 0, 10, 4, 18, 3, 0, 0, 0, 0, 0, 1, 6, 8,
    0, 0, 0, 0, 0, 0, 0, 1 ],

    \[ 0, 1, 2, 5, 6, 1, 0, 0, 0, 0, 0, 0, 5, 13, 15, 2, 0, 0, 0, 0, 0, 0, 8, 7,
    0, 0, 0, 0, 0, 0, 0, 1 ],

    \[ 0, 1, 0, 11, 0, 3, 0, 0, 0, 0, 0, 0, 4, 16, 12, 3, 0, 0, 0, 0, 0, 0, 8, 
    7, 0, 0, 0, 0, 0, 0, 0, 1 ],

    \[ 0, 0, 7, 7, 0, 0, 1, 0, 0, 0, 0, 0, 21, 7, 7, 0, 0, 0, 0, 0, 0, 7, 8, 0, 
    0, 0, 0, 0, 0, 0, 1, 0 ],

    \[ 0, 0, 5, 5, 2, 2, 1, 0, 0, 0, 0, 0, 8, 10, 12, 5, 0, 0, 0, 0, 0, 1, 6, 8,
    0, 0, 0, 0, 0, 0, 0, 1 ],

    \[ 0, 0, 4, 6, 4, 0, 0, 1, 0, 0, 0, 0, 6, 16, 6, 7, 0, 0, 0, 0, 0, 1, 6, 8, 
    0, 0, 0, 0, 0, 0, 0, 1 ],

    \[ 0, 0, 3, 7, 4, 0, 1, 0, 0, 0, 0, 0, 3, 19, 9, 4, 0, 0, 0, 0, 0, 0, 8, 7, 
    0, 0, 0, 0, 0, 0, 0, 1 ],

    \[ 0, 0, 4, 5, 4, 2, 0, 0, 0, 0, 0, 0, 4, 16, 12, 3, 0, 0, 0, 0, 0, 0, 8, 7,
    0, 0, 0, 0, 0, 0, 0, 1 ],

    \[ 0, 0, 0, 14, 0, 0, 0, 1, 0, 0, 0, 0, 0, 28, 0, 7, 0, 0, 0, 0, 0, 0, 8, 7,
    0, 0, 0, 0, 0, 0, 0, 1 ]
]
\[ 106, 106 ]
[ RMatrixSpace(IntegerRing(), 4, 8) |
    \[ 4, 6, 4, 1, 0, 0, 0, 0, 0, 6, 16, 13, 0, 0, 0, 0, 0, 0, 4, 11, 0, 0, 0, 
    0, 0, 0, 0, 1, 0, 0, 0, 0 ],

    \[ 3, 4, 4, 3, 1, 0, 0, 0, 0, 3, 7, 12, 13, 0, 0, 0, 0, 0, 1, 3, 11, 0, 0, 
    0, 0, 0, 0, 0, 1, 0, 0, 0 ],

    \[ 3, 3, 2, 3, 3, 1, 0, 0, 0, 3, 4, 3, 12, 13, 0, 0, 0, 0, 1, 0, 3, 11, 0, 
    0, 0, 0, 0, 0, 0, 1, 0, 0 ],

    \[ 3, 3, 1, 1, 3, 3, 1, 0, 0, 3, 4, 0, 3, 12, 13, 0, 0, 0, 1, 0, 0, 3, 11, 
    0, 0, 0, 0, 0, 0, 0, 1, 0 ],

    \[ 3, 3, 1, 0, 1, 3, 3, 1, 0, 3, 4, 0, 0, 3, 12, 13, 0, 0, 1, 0, 0, 0, 3, 
    11, 0, 0, 0, 0, 0, 0, 0, 1 ],

    \[ 2, 4, 6, 3, 0, 0, 0, 0, 0, 1, 7, 18, 9, 0, 0, 0, 0, 0, 0, 5, 10, 0, 0, 0,
    0, 0, 0, 0, 1, 0, 0, 0 ],

    \[ 2, 3, 4, 3, 2, 1, 0, 0, 0, 1, 4, 9, 8, 13, 0, 0, 0, 0, 0, 2, 2, 11, 0, 0,
    0, 0, 0, 0, 0, 1, 0, 0 ],

    \[ 2, 2, 4, 5, 2, 0, 0, 0, 0, 1, 2, 9, 14, 9, 0, 0, 0, 0, 0, 1, 4, 10, 0, 0,
    0, 0, 0, 0, 0, 1, 0, 0 ],

    \[ 2, 2, 3, 3, 2, 2, 1, 0, 0, 1, 2, 6, 5, 8, 13, 0, 0, 0, 0, 1, 1, 2, 11, 0,
    0, 0, 0, 0, 0, 0, 1, 0 ],

    \[ 2, 2, 2, 3, 4, 2, 0, 0, 0, 1, 2, 4, 5, 14, 9, 0, 0, 0, 0, 1, 0, 4, 10, 0,
    0, 0, 0, 0, 0, 0, 1, 0 ],

    \[ 2, 2, 2, 2, 2, 2, 2, 1, 0, 1, 2, 4, 2, 5, 8, 13, 0, 0, 0, 1, 0, 1, 2, 11,
    0, 0, 0, 0, 0, 0, 0, 1 ],

    \[ 2, 2, 2, 1, 2, 4, 2, 0, 0, 1, 2, 4, 0, 5, 14, 9, 0, 0, 0, 1, 0, 0, 4, 10,
    0, 0, 0, 0, 0, 0, 0, 1 ],

    \[ 2, 1, 2, 5, 4, 1, 0, 0, 0, 1, 0, 4, 11, 10, 9, 0, 0, 0, 0, 0, 2, 3, 10, 
    0, 0, 0, 0, 0, 0, 0, 1, 0 ],

    \[ 2, 1, 2, 4, 2, 1, 2, 1, 0, 1, 0, 4, 8, 1, 8, 13, 0, 0, 0, 0, 2, 0, 2, 11,
    0, 0, 0, 0, 0, 0, 0, 1 ],

    \[ 2, 1, 1, 3, 4, 3, 1, 0, 0, 1, 0, 2, 6, 7, 10, 9, 0, 0, 0, 0, 1, 1, 3, 10,
    0, 0, 0, 0, 0, 0, 0, 1 ],

    \[ 2, 1, 0, 3, 6, 3, 0, 0, 0, 1, 0, 0, 6, 13, 6, 9, 0, 0, 0, 0, 0, 3, 2, 10,
    0, 0, 0, 0, 0, 0, 0, 1 ],

    \[ 1, 6, 6, 1, 1, 0, 0, 0, 0, 0, 10, 15, 10, 0, 0, 0, 0, 0, 0, 5, 10, 0, 0, 
    0, 0, 0, 0, 0, 1, 0, 0, 0 ],

    \[ 1, 4, 4, 3, 3, 0, 0, 0, 0, 0, 5, 6, 15, 9, 0, 0, 0, 0, 0, 1, 4, 10, 0, 0,
    0, 0, 0, 0, 0, 1, 0, 0 ],

    \[ 1, 3, 6, 3, 1, 1, 0, 0, 0, 0, 4, 9, 12, 10, 0, 0, 0, 0, 0, 1, 4, 10, 0, 
    0, 0, 0, 0, 0, 0, 1, 0, 0 ],

    \[ 1, 3, 4, 1, 3, 3, 0, 0, 0, 0, 4, 4, 3, 15, 9, 0, 0, 0, 0, 1, 0, 4, 10, 0,
    0, 0, 0, 0, 0, 0, 1, 0 ],

    \[ 1, 3, 3, 3, 3, 1, 1, 0, 0, 0, 4, 3, 6, 12, 10, 0, 0, 0, 0, 1, 0, 4, 10, 
    0, 0, 0, 0, 0, 0, 0, 1, 0 ],

    \[ 1, 3, 3, 1, 1, 3, 3, 0, 0, 0, 4, 3, 1, 3, 15, 9, 0, 0, 0, 1, 0, 0, 4, 10,
    0, 0, 0, 0, 0, 0, 0, 1 ],

    \[ 1, 3, 3, 0, 3, 3, 1, 1, 0, 0, 4, 3, 0, 6, 12, 10, 0, 0, 0, 1, 0, 0, 4, 
    10, 0, 0, 0, 0, 0, 0, 0, 1 ],

    \[ 1, 2, 6, 5, 1, 0, 0, 0, 0, 0, 2, 9, 18, 6, 0, 0, 0, 0, 0, 0, 6, 9, 0, 0, 
    0, 0, 0, 0, 0, 1, 0, 0 ],

    \[ 1, 3, 3, 3, 3, 1, 1, 0, 0, 0, 3, 3, 12, 4, 13, 0, 0, 0, 0, 0, 3, 1, 11, 
    0, 0, 0, 0, 0, 0, 0, 1, 0 ],

    \[ 1, 2, 4, 3, 3, 2, 0, 0, 0, 0, 2, 4, 9, 11, 9, 0, 0, 0, 0, 0, 2, 3, 10, 0,
    0, 0, 0, 0, 0, 0, 1, 0 ],

    \[ 1, 2, 2, 5, 5, 0, 0, 0, 0, 0, 2, 1, 12, 14, 6, 0, 0, 0, 0, 0, 1, 5, 9, 0,
    0, 0, 0, 0, 0, 0, 1, 0 ],

    \[ 1, 2, 3, 2, 3, 2, 1, 1, 0, 0, 2, 2, 6, 8, 4, 13, 0, 0, 0, 0, 1, 2, 1, 11,
    0, 0, 0, 0, 0, 0, 0, 1 ],

    \[ 1, 2, 2, 3, 3, 2, 2, 0, 0, 0, 2, 1, 7, 5, 11, 9, 0, 0, 0, 0, 1, 1, 3, 10,
    0, 0, 0, 0, 0, 0, 0, 1 ],

    \[ 1, 2, 2, 1, 5, 4, 0, 0, 0, 0, 2, 1, 4, 8, 14, 6, 0, 0, 0, 0, 1, 0, 5, 9, 
    0, 0, 0, 0, 0, 0, 0, 1 ],

    \[ 1, 1, 5, 5, 1, 1, 1, 0, 0, 0, 1, 6, 9, 9, 10, 0, 0, 0, 0, 0, 2, 3, 10, 0,
    0, 0, 0, 0, 0, 0, 1, 0 ],

    \[ 1, 1, 4, 5, 3, 1, 0, 0, 0, 0, 1, 4, 9, 15, 6, 0, 0, 0, 0, 0, 1, 5, 9, 0, 
    0, 0, 0, 0, 0, 0, 1, 0 ],

    \[ 1, 1, 4, 3, 1, 3, 2, 0, 0, 0, 1, 4, 4, 6, 11, 9, 0, 0, 0, 0, 1, 1, 3, 10,
    0, 0, 0, 0, 0, 0, 0, 1 ],

    \[ 1, 1, 3, 4, 3, 1, 1, 1, 0, 0, 1, 3, 6, 6, 9, 10, 0, 0, 0, 0, 1, 1, 3, 10,
    0, 0, 0, 0, 0, 0, 0, 1 ],

    \[ 1, 1, 3, 3, 3, 3, 1, 0, 0, 0, 1, 3, 4, 6, 15, 6, 0, 0, 0, 0, 1, 0, 5, 9, 
    0, 0, 0, 0, 0, 0, 0, 1 ],

    \[ 1, 1, 3, 3, 3, 3, 1, 0, 0, 0, 1, 2, 4, 12, 7, 9, 0, 0, 0, 0, 0, 3, 2, 10,
    0, 0, 0, 0, 0, 0, 0, 1 ],

    \[ 1, 1, 2, 3, 5, 3, 0, 0, 0, 0, 1, 1, 4, 12, 11, 6, 0, 0, 0, 0, 0, 2, 4, 9,
    0, 0, 0, 0, 0, 0, 0, 1 ],

    \[ 1, 1, 1, 5, 5, 1, 1, 0, 0, 0, 1, 0, 7, 9, 12, 6, 0, 0, 0, 0, 0, 2, 4, 9, 
    0, 0, 0, 0, 0, 0, 0, 1 ],

    \[ 1, 0, 4, 7, 3, 0, 0, 0, 0, 0, 0, 4, 9, 19, 3, 0, 0, 0, 0, 0, 0, 7, 8, 0, 
    0, 0, 0, 0, 0, 0, 1, 0 ],

    \[ 1, 0, 3, 6, 3, 0, 1, 1, 0, 0, 0, 3, 6, 10, 6, 10, 0, 0, 0, 0, 0, 3, 2, 
    10, 0, 0, 0, 0, 0, 0, 0, 1 ],

    \[ 1, 0, 3, 5, 3, 2, 1, 0, 0, 0, 0, 3, 4, 10, 12, 6, 0, 0, 0, 0, 0, 2, 4, 9,
    0, 0, 0, 0, 0, 0, 0, 1 ],

    \[ 1, 0, 2, 5, 5, 2, 0, 0, 0, 0, 0, 2, 4, 10, 16, 3, 0, 0, 0, 0, 0, 1, 6, 8,
    0, 0, 0, 0, 0, 0, 0, 1 ],

    \[ 1, 0, 0, 7, 7, 0, 0, 0, 0, 0, 0, 0, 7, 7, 21, 0, 0, 0, 0, 0, 0, 0, 8, 7, 
    0, 0, 0, 0, 0, 0, 0, 1 ],

    \[ 0, 10, 0, 5, 0, 0, 0, 0, 0, 0, 10, 15, 10, 0, 0, 0, 0, 0, 0, 5, 10, 0, 0,
    0, 0, 0, 0, 0, 1, 0, 0, 0 ],

    \[ 0, 7, 0, 7, 0, 1, 0, 0, 0, 0, 4, 9, 12, 10, 0, 0, 0, 0, 0, 1, 4, 10, 0, 
    0, 0, 0, 0, 0, 0, 1, 0, 0 ],

    \[ 0, 6, 4, 1, 4, 0, 0, 0, 0, 0, 4, 9, 12, 10, 0, 0, 0, 0, 0, 1, 4, 10, 0, 
    0, 0, 0, 0, 0, 0, 1, 0, 0 ],

    \[ 0, 6, 1, 1, 6, 0, 1, 0, 0, 0, 4, 3, 6, 12, 10, 0, 0, 0, 0, 1, 0, 4, 10, 
    0, 0, 0, 0, 0, 0, 0, 1, 0 ],

    \[ 0, 6, 0, 5, 0, 4, 0, 0, 0, 0, 4, 3, 6, 12, 10, 0, 0, 0, 0, 1, 0, 4, 10, 
    0, 0, 0, 0, 0, 0, 0, 1, 0 ],

    \[ 0, 6, 0, 2, 0, 6, 0, 1, 0, 0, 4, 3, 0, 6, 12, 10, 0, 0, 0, 1, 0, 0, 4, 
    10, 0, 0, 0, 0, 0, 0, 0, 1 ],

    \[ 0, 6, 0, 1, 4, 0, 4, 0, 0, 0, 4, 3, 0, 6, 12, 10, 0, 0, 0, 1, 0, 0, 4, 
    10, 0, 0, 0, 0, 0, 0, 0, 1 ],

    \[ 0, 6, 0, 9, 0, 0, 0, 0, 0, 0, 2, 9, 18, 6, 0, 0, 0, 0, 0, 0, 6, 9, 0, 0, 
    0, 0, 0, 0, 0, 1, 0, 0 ],

    \[ 0, 4, 6, 3, 2, 0, 0, 0, 0, 0, 1, 12, 15, 7, 0, 0, 0, 0, 0, 0, 6, 9, 0, 0,
    0, 0, 0, 0, 0, 1, 0, 0 ],

    \[ 0, 5, 0, 7, 0, 3, 0, 0, 0, 0, 1, 7, 6, 12, 9, 0, 0, 0, 0, 0, 2, 3, 10, 0,
    0, 0, 0, 0, 0, 0, 1, 0 ],

    \[ 0, 4, 3, 3, 4, 0, 1, 0, 0, 0, 1, 6, 9, 9, 10, 0, 0, 0, 0, 0, 2, 3, 10, 0,
    0, 0, 0, 0, 0, 0, 1, 0 ],

    \[ 0, 4, 2, 3, 6, 0, 0, 0, 0, 0, 1, 4, 9, 15, 6, 0, 0, 0, 0, 0, 1, 5, 9, 0, 
    0, 0, 0, 0, 0, 0, 1, 0 ],

    \[ 0, 4, 0, 9, 0, 2, 0, 0, 0, 0, 1, 3, 12, 12, 7, 0, 0, 0, 0, 0, 1, 5, 9, 0,
    0, 0, 0, 0, 0, 0, 1, 0 ],

    \[ 0, 4, 1, 3, 4, 0, 3, 0, 0, 0, 1, 3, 7, 3, 12, 9, 0, 0, 0, 0, 1, 1, 3, 10,
    0, 0, 0, 0, 0, 0, 0, 1 ],

    \[ 0, 4, 0, 6, 0, 4, 0, 1, 0, 0, 1, 3, 6, 6, 9, 10, 0, 0, 0, 0, 1, 1, 3, 10,
    0, 0, 0, 0, 0, 0, 0, 1 ],

    \[ 0, 4, 0, 5, 0, 6, 0, 0, 0, 0, 1, 3, 4, 6, 15, 6, 0, 0, 0, 0, 1, 0, 5, 9, 
    0, 0, 0, 0, 0, 0, 0, 1 ],

    \[ 0, 4, 0, 3, 6, 0, 2, 0, 0, 0, 1, 3, 3, 9, 12, 7, 0, 0, 0, 0, 1, 0, 5, 9, 
    0, 0, 0, 0, 0, 0, 0, 1 ],

    \[ 0, 3, 6, 1, 2, 3, 0, 0, 0, 0, 1, 6, 9, 9, 10, 0, 0, 0, 0, 0, 2, 3, 10, 0,
    0, 0, 0, 0, 0, 0, 1, 0 ],

    \[ 0, 3, 4, 3, 4, 1, 0, 0, 0, 0, 1, 3, 12, 12, 7, 0, 0, 0, 0, 0, 1, 5, 9, 0,
    0, 0, 0, 0, 0, 0, 1, 0 ],

    \[ 0, 3, 4, 0, 4, 3, 0, 1, 0, 0, 1, 3, 6, 6, 9, 10, 0, 0, 0, 0, 1, 1, 3, 10,
    0, 0, 0, 0, 0, 0, 0, 1 ],

    \[ 0, 3, 3, 3, 2, 1, 3, 0, 0, 0, 1, 3, 6, 6, 9, 10, 0, 0, 0, 0, 1, 1, 3, 10,
    0, 0, 0, 0, 0, 0, 0, 1 ],

    \[ 0, 3, 3, 1, 4, 3, 1, 0, 0, 0, 1, 3, 3, 9, 12, 7, 0, 0, 0, 0, 1, 0, 5, 9, 
    0, 0, 0, 0, 0, 0, 0, 1 ],

    \[ 0, 3, 2, 1, 6, 3, 0, 0, 0, 0, 1, 0, 7, 9, 12, 6, 0, 0, 0, 0, 0, 2, 4, 9, 
    0, 0, 0, 0, 0, 0, 0, 1 ],

    \[ 0, 3, 1, 3, 6, 1, 1, 0, 0, 0, 1, 0, 6, 12, 9, 7, 0, 0, 0, 0, 0, 2, 4, 9, 
    0, 0, 0, 0, 0, 0, 0, 1 ],

    \[ 0, 3, 0, 7, 0, 5, 0, 0, 0, 0, 1, 0, 6, 12, 9, 7, 0, 0, 0, 0, 0, 2, 4, 9, 
    0, 0, 0, 0, 0, 0, 0, 1 ],

    \[ 0, 3, 8, 3, 0, 1, 0, 0, 0, 0, 0, 15, 12, 8, 0, 0, 0, 0, 0, 0, 6, 9, 0, 0,
    0, 0, 0, 0, 0, 1, 0, 0 ],

    \[ 0, 3, 4, 3, 4, 1, 0, 0, 0, 0, 0, 7, 6, 16, 6, 0, 0, 0, 0, 0, 1, 5, 9, 0, 
    0, 0, 0, 0, 0, 0, 1, 0 ],

    \[ 0, 2, 6, 3, 2, 2, 0, 0, 0, 0, 0, 6, 9, 13, 7, 0, 0, 0, 0, 0, 1, 5, 9, 0, 
    0, 0, 0, 0, 0, 0, 1, 0 ],

    \[ 0, 2, 5, 5, 2, 0, 1, 0, 0, 0, 0, 5, 12, 10, 8, 0, 0, 0, 0, 0, 1, 5, 9, 0,
    0, 0, 0, 0, 0, 0, 1, 0 ],

    \[ 0, 2, 5, 1, 2, 4, 1, 0, 0, 0, 0, 5, 4, 4, 16, 6, 0, 0, 0, 0, 1, 0, 5, 9, 
    0, 0, 0, 0, 0, 0, 0, 1 ],

    \[ 0, 2, 4, 3, 2, 2, 2, 0, 0, 0, 0, 5, 3, 7, 13, 7, 0, 0, 0, 0, 1, 0, 5, 9, 
    0, 0, 0, 0, 0, 0, 0, 1 ],

    \[ 0, 2, 4, 2, 4, 2, 0, 1, 0, 0, 0, 5, 2, 10, 10, 8, 0, 0, 0, 0, 1, 0, 5, 9,
    0, 0, 0, 0, 0, 0, 0, 1 ],

    \[ 0, 3, 0, 11, 0, 1, 0, 0, 0, 0, 0, 3, 12, 16, 4, 0, 0, 0, 0, 0, 0, 7, 8, 
    0, 0, 0, 0, 0, 0, 0, 1, 0 ],

    \[ 0, 4, 0, 6, 0, 4, 0, 1, 0, 0, 0, 6, 0, 16, 0, 13, 0, 0, 0, 0, 0, 4, 0, 
    11, 0, 0, 0, 0, 0, 0, 0, 1 ],

    \[ 0, 3, 2, 3, 4, 1, 2, 0, 0, 0, 0, 4, 4, 10, 8, 9, 0, 0, 0, 0, 0, 3, 2, 10,
    0, 0, 0, 0, 0, 0, 0, 1 ],

    \[ 0, 3, 0, 7, 0, 5, 0, 0, 0, 0, 0, 3, 4, 10, 12, 6, 0, 0, 0, 0, 0, 2, 4, 9,
    0, 0, 0, 0, 0, 0, 0, 1 ],

    \[ 0, 3, 0, 3, 8, 1, 0, 0, 0, 0, 0, 3, 0, 16, 12, 4, 0, 0, 0, 0, 0, 1, 6, 8,
    0, 0, 0, 0, 0, 0, 0, 1 ],

    \[ 0, 2, 4, 5, 4, 0, 0, 0, 0, 0, 0, 3, 12, 16, 4, 0, 0, 0, 0, 0, 0, 7, 8, 0,
    0, 0, 0, 0, 0, 0, 1, 0 ],

    \[ 0, 2, 4, 2, 4, 2, 0, 1, 0, 0, 0, 3, 6, 10, 6, 10, 0, 0, 0, 0, 0, 3, 2, 
    10, 0, 0, 0, 0, 0, 0, 0, 1 ],

    \[ 0, 2, 4, 1, 4, 4, 0, 0, 0, 0, 0, 3, 4, 10, 12, 6, 0, 0, 0, 0, 0, 2, 4, 9,
    0, 0, 0, 0, 0, 0, 0, 1 ],

    \[ 0, 2, 2, 5, 4, 0, 2, 0, 0, 0, 0, 2, 6, 10, 10, 7, 0, 0, 0, 0, 0, 2, 4, 9,
    0, 0, 0, 0, 0, 0, 0, 1 ],

    \[ 0, 2, 3, 3, 4, 2, 1, 0, 0, 0, 0, 2, 7, 7, 13, 6, 0, 0, 0, 0, 0, 2, 4, 9, 
    0, 0, 0, 0, 0, 0, 0, 1 ],

    \[ 0, 2, 2, 3, 6, 2, 0, 0, 0, 0, 0, 2, 3, 13, 13, 4, 0, 0, 0, 0, 0, 1, 6, 8,
    0, 0, 0, 0, 0, 0, 0, 1 ],

    \[ 0, 2, 0, 10, 0, 2, 0, 1, 0, 0, 0, 1, 8, 10, 8, 8, 0, 0, 0, 0, 0, 2, 4, 9,
    0, 0, 0, 0, 0, 0, 0, 1 ],

    \[ 0, 2, 1, 5, 6, 0, 1, 0, 0, 0, 0, 1, 6, 10, 14, 4, 0, 0, 0, 0, 0, 1, 6, 8,
    0, 0, 0, 0, 0, 0, 0, 1 ],

    \[ 0, 2, 0, 9, 0, 4, 0, 0, 0, 0, 0, 1, 6, 10, 14, 4, 0, 0, 0, 0, 0, 1, 6, 8,
    0, 0, 0, 0, 0, 0, 0, 1 ],

    \[ 0, 1, 6, 5, 2, 1, 0, 0, 0, 0, 0, 2, 15, 13, 5, 0, 0, 0, 0, 0, 0, 7, 8, 0,
    0, 0, 0, 0, 0, 0, 1, 0 ],

    \[ 0, 1, 6, 3, 0, 3, 2, 0, 0, 0, 0, 3, 6, 10, 6, 10, 0, 0, 0, 0, 0, 3, 2, 
    10, 0, 0, 0, 0, 0, 0, 0, 1 ],

    \[ 0, 1, 5, 3, 2, 3, 1, 0, 0, 0, 0, 2, 6, 10, 10, 7, 0, 0, 0, 0, 0, 2, 4, 9,
    0, 0, 0, 0, 0, 0, 0, 1 ],

    \[ 0, 1, 4, 3, 4, 3, 0, 0, 0, 0, 0, 2, 2, 16, 10, 5, 0, 0, 0, 0, 0, 1, 6, 8,
    0, 0, 0, 0, 0, 0, 0, 1 ],

    \[ 0, 1, 4, 5, 2, 1, 2, 0, 0, 0, 0, 1, 9, 7, 11, 7, 0, 0, 0, 0, 0, 2, 4, 9, 
    0, 0, 0, 0, 0, 0, 0, 1 ],

    \[ 0, 1, 4, 4, 4, 1, 0, 1, 0, 0, 0, 1, 8, 10, 8, 8, 0, 0, 0, 0, 0, 2, 4, 9, 
    0, 0, 0, 0, 0, 0, 0, 1 ],

    \[ 0, 1, 4, 3, 4, 3, 0, 0, 0, 0, 0, 1, 6, 10, 14, 4, 0, 0, 0, 0, 0, 1, 6, 8,
    0, 0, 0, 0, 0, 0, 0, 1 ],

    \[ 0, 1, 3, 5, 4, 1, 1, 0, 0, 0, 0, 1, 5, 13, 11, 5, 0, 0, 0, 0, 0, 1, 6, 8,
    0, 0, 0, 0, 0, 0, 0, 1 ],

    \[ 0, 1, 4, 3, 4, 3, 0, 0, 0, 0, 0, 0, 10, 4, 18, 3, 0, 0, 0, 0, 0, 1, 6, 8,
    0, 0, 0, 0, 0, 0, 0, 1 ],

    \[ 0, 1, 2, 5, 6, 1, 0, 0, 0, 0, 0, 0, 5, 13, 15, 2, 0, 0, 0, 0, 0, 0, 8, 7,
    0, 0, 0, 0, 0, 0, 0, 1 ],

    \[ 0, 1, 0, 11, 0, 3, 0, 0, 0, 0, 0, 0, 4, 16, 12, 3, 0, 0, 0, 0, 0, 0, 8, 
    7, 0, 0, 0, 0, 0, 0, 0, 1 ],

    \[ 0, 0, 7, 7, 0, 0, 1, 0, 0, 0, 0, 0, 21, 7, 7, 0, 0, 0, 0, 0, 0, 7, 8, 0, 
    0, 0, 0, 0, 0, 0, 1, 0 ],

    \[ 0, 0, 5, 5, 2, 2, 1, 0, 0, 0, 0, 0, 8, 10, 12, 5, 0, 0, 0, 0, 0, 1, 6, 8,
    0, 0, 0, 0, 0, 0, 0, 1 ],

    \[ 0, 0, 4, 6, 4, 0, 0, 1, 0, 0, 0, 0, 6, 16, 6, 7, 0, 0, 0, 0, 0, 1, 6, 8, 
    0, 0, 0, 0, 0, 0, 0, 1 ],

    \[ 0, 0, 3, 7, 4, 0, 1, 0, 0, 0, 0, 0, 3, 19, 9, 4, 0, 0, 0, 0, 0, 0, 8, 7, 
    0, 0, 0, 0, 0, 0, 0, 1 ],

    \[ 0, 0, 4, 5, 4, 2, 0, 0, 0, 0, 0, 0, 4, 16, 12, 3, 0, 0, 0, 0, 0, 0, 8, 7,
    0, 0, 0, 0, 0, 0, 0, 1 ],

    \[ 0, 0, 0, 14, 0, 0, 0, 1, 0, 0, 0, 0, 0, 28, 0, 7, 0, 0, 0, 0, 0, 0, 8, 7,
    0, 0, 0, 0, 0, 0, 0, 1 ]
]
\[ 106, 106 ]
[ RMatrixSpace(IntegerRing(), 4, 8) |
    \[ 4, 6, 4, 1, 0, 0, 0, 0, 0, 6, 16, 13, 0, 0, 0, 0, 0, 0, 4, 11, 0, 0, 0, 
    0, 0, 0, 0, 1, 0, 0, 0, 0 ],

    \[ 3, 4, 4, 3, 1, 0, 0, 0, 0, 3, 7, 12, 13, 0, 0, 0, 0, 0, 1, 3, 11, 0, 0, 
    0, 0, 0, 0, 0, 1, 0, 0, 0 ],

    \[ 3, 3, 2, 3, 3, 1, 0, 0, 0, 3, 4, 3, 12, 13, 0, 0, 0, 0, 1, 0, 3, 11, 0, 
    0, 0, 0, 0, 0, 0, 1, 0, 0 ],

    \[ 3, 3, 1, 1, 3, 3, 1, 0, 0, 3, 4, 0, 3, 12, 13, 0, 0, 0, 1, 0, 0, 3, 11, 
    0, 0, 0, 0, 0, 0, 0, 1, 0 ],

    \[ 3, 3, 1, 0, 1, 3, 3, 1, 0, 3, 4, 0, 0, 3, 12, 13, 0, 0, 1, 0, 0, 0, 3, 
    11, 0, 0, 0, 0, 0, 0, 0, 1 ],

    \[ 2, 4, 6, 3, 0, 0, 0, 0, 0, 1, 7, 18, 9, 0, 0, 0, 0, 0, 0, 5, 10, 0, 0, 0,
    0, 0, 0, 0, 1, 0, 0, 0 ],

    \[ 2, 3, 4, 3, 2, 1, 0, 0, 0, 1, 4, 9, 8, 13, 0, 0, 0, 0, 0, 2, 2, 11, 0, 0,
    0, 0, 0, 0, 0, 1, 0, 0 ],

    \[ 2, 2, 4, 5, 2, 0, 0, 0, 0, 1, 2, 9, 14, 9, 0, 0, 0, 0, 0, 1, 4, 10, 0, 0,
    0, 0, 0, 0, 0, 1, 0, 0 ],

    \[ 2, 2, 3, 3, 2, 2, 1, 0, 0, 1, 2, 6, 5, 8, 13, 0, 0, 0, 0, 1, 1, 2, 11, 0,
    0, 0, 0, 0, 0, 0, 1, 0 ],

    \[ 2, 2, 2, 3, 4, 2, 0, 0, 0, 1, 2, 4, 5, 14, 9, 0, 0, 0, 0, 1, 0, 4, 10, 0,
    0, 0, 0, 0, 0, 0, 1, 0 ],

    \[ 2, 2, 2, 2, 2, 2, 2, 1, 0, 1, 2, 4, 2, 5, 8, 13, 0, 0, 0, 1, 0, 1, 2, 11,
    0, 0, 0, 0, 0, 0, 0, 1 ],

    \[ 2, 2, 2, 1, 2, 4, 2, 0, 0, 1, 2, 4, 0, 5, 14, 9, 0, 0, 0, 1, 0, 0, 4, 10,
    0, 0, 0, 0, 0, 0, 0, 1 ],

    \[ 2, 1, 2, 5, 4, 1, 0, 0, 0, 1, 0, 4, 11, 10, 9, 0, 0, 0, 0, 0, 2, 3, 10, 
    0, 0, 0, 0, 0, 0, 0, 1, 0 ],

    \[ 2, 1, 2, 4, 2, 1, 2, 1, 0, 1, 0, 4, 8, 1, 8, 13, 0, 0, 0, 0, 2, 0, 2, 11,
    0, 0, 0, 0, 0, 0, 0, 1 ],

    \[ 2, 1, 1, 3, 4, 3, 1, 0, 0, 1, 0, 2, 6, 7, 10, 9, 0, 0, 0, 0, 1, 1, 3, 10,
    0, 0, 0, 0, 0, 0, 0, 1 ],

    \[ 2, 1, 0, 3, 6, 3, 0, 0, 0, 1, 0, 0, 6, 13, 6, 9, 0, 0, 0, 0, 0, 3, 2, 10,
    0, 0, 0, 0, 0, 0, 0, 1 ],

    \[ 1, 6, 6, 1, 1, 0, 0, 0, 0, 0, 10, 15, 10, 0, 0, 0, 0, 0, 0, 5, 10, 0, 0, 
    0, 0, 0, 0, 0, 1, 0, 0, 0 ],

    \[ 1, 4, 4, 3, 3, 0, 0, 0, 0, 0, 5, 6, 15, 9, 0, 0, 0, 0, 0, 1, 4, 10, 0, 0,
    0, 0, 0, 0, 0, 1, 0, 0 ],

    \[ 1, 3, 6, 3, 1, 1, 0, 0, 0, 0, 4, 9, 12, 10, 0, 0, 0, 0, 0, 1, 4, 10, 0, 
    0, 0, 0, 0, 0, 0, 1, 0, 0 ],

    \[ 1, 3, 4, 1, 3, 3, 0, 0, 0, 0, 4, 4, 3, 15, 9, 0, 0, 0, 0, 1, 0, 4, 10, 0,
    0, 0, 0, 0, 0, 0, 1, 0 ],

    \[ 1, 3, 3, 3, 3, 1, 1, 0, 0, 0, 4, 3, 6, 12, 10, 0, 0, 0, 0, 1, 0, 4, 10, 
    0, 0, 0, 0, 0, 0, 0, 1, 0 ],

    \[ 1, 3, 3, 1, 1, 3, 3, 0, 0, 0, 4, 3, 1, 3, 15, 9, 0, 0, 0, 1, 0, 0, 4, 10,
    0, 0, 0, 0, 0, 0, 0, 1 ],

    \[ 1, 3, 3, 0, 3, 3, 1, 1, 0, 0, 4, 3, 0, 6, 12, 10, 0, 0, 0, 1, 0, 0, 4, 
    10, 0, 0, 0, 0, 0, 0, 0, 1 ],

    \[ 1, 2, 6, 5, 1, 0, 0, 0, 0, 0, 2, 9, 18, 6, 0, 0, 0, 0, 0, 0, 6, 9, 0, 0, 
    0, 0, 0, 0, 0, 1, 0, 0 ],

    \[ 1, 3, 3, 3, 3, 1, 1, 0, 0, 0, 3, 3, 12, 4, 13, 0, 0, 0, 0, 0, 3, 1, 11, 
    0, 0, 0, 0, 0, 0, 0, 1, 0 ],

    \[ 1, 2, 4, 3, 3, 2, 0, 0, 0, 0, 2, 4, 9, 11, 9, 0, 0, 0, 0, 0, 2, 3, 10, 0,
    0, 0, 0, 0, 0, 0, 1, 0 ],

    \[ 1, 2, 2, 5, 5, 0, 0, 0, 0, 0, 2, 1, 12, 14, 6, 0, 0, 0, 0, 0, 1, 5, 9, 0,
    0, 0, 0, 0, 0, 0, 1, 0 ],

    \[ 1, 2, 3, 2, 3, 2, 1, 1, 0, 0, 2, 2, 6, 8, 4, 13, 0, 0, 0, 0, 1, 2, 1, 11,
    0, 0, 0, 0, 0, 0, 0, 1 ],

    \[ 1, 2, 2, 3, 3, 2, 2, 0, 0, 0, 2, 1, 7, 5, 11, 9, 0, 0, 0, 0, 1, 1, 3, 10,
    0, 0, 0, 0, 0, 0, 0, 1 ],

    \[ 1, 2, 2, 1, 5, 4, 0, 0, 0, 0, 2, 1, 4, 8, 14, 6, 0, 0, 0, 0, 1, 0, 5, 9, 
    0, 0, 0, 0, 0, 0, 0, 1 ],

    \[ 1, 1, 5, 5, 1, 1, 1, 0, 0, 0, 1, 6, 9, 9, 10, 0, 0, 0, 0, 0, 2, 3, 10, 0,
    0, 0, 0, 0, 0, 0, 1, 0 ],

    \[ 1, 1, 4, 5, 3, 1, 0, 0, 0, 0, 1, 4, 9, 15, 6, 0, 0, 0, 0, 0, 1, 5, 9, 0, 
    0, 0, 0, 0, 0, 0, 1, 0 ],

    \[ 1, 1, 4, 3, 1, 3, 2, 0, 0, 0, 1, 4, 4, 6, 11, 9, 0, 0, 0, 0, 1, 1, 3, 10,
    0, 0, 0, 0, 0, 0, 0, 1 ],

    \[ 1, 1, 3, 4, 3, 1, 1, 1, 0, 0, 1, 3, 6, 6, 9, 10, 0, 0, 0, 0, 1, 1, 3, 10,
    0, 0, 0, 0, 0, 0, 0, 1 ],

    \[ 1, 1, 3, 3, 3, 3, 1, 0, 0, 0, 1, 3, 4, 6, 15, 6, 0, 0, 0, 0, 1, 0, 5, 9, 
    0, 0, 0, 0, 0, 0, 0, 1 ],

    \[ 1, 1, 3, 3, 3, 3, 1, 0, 0, 0, 1, 2, 4, 12, 7, 9, 0, 0, 0, 0, 0, 3, 2, 10,
    0, 0, 0, 0, 0, 0, 0, 1 ],

    \[ 1, 1, 2, 3, 5, 3, 0, 0, 0, 0, 1, 1, 4, 12, 11, 6, 0, 0, 0, 0, 0, 2, 4, 9,
    0, 0, 0, 0, 0, 0, 0, 1 ],

    \[ 1, 1, 1, 5, 5, 1, 1, 0, 0, 0, 1, 0, 7, 9, 12, 6, 0, 0, 0, 0, 0, 2, 4, 9, 
    0, 0, 0, 0, 0, 0, 0, 1 ],

    \[ 1, 0, 4, 7, 3, 0, 0, 0, 0, 0, 0, 4, 9, 19, 3, 0, 0, 0, 0, 0, 0, 7, 8, 0, 
    0, 0, 0, 0, 0, 0, 1, 0 ],

    \[ 1, 0, 3, 6, 3, 0, 1, 1, 0, 0, 0, 3, 6, 10, 6, 10, 0, 0, 0, 0, 0, 3, 2, 
    10, 0, 0, 0, 0, 0, 0, 0, 1 ],

    \[ 1, 0, 3, 5, 3, 2, 1, 0, 0, 0, 0, 3, 4, 10, 12, 6, 0, 0, 0, 0, 0, 2, 4, 9,
    0, 0, 0, 0, 0, 0, 0, 1 ],

    \[ 1, 0, 2, 5, 5, 2, 0, 0, 0, 0, 0, 2, 4, 10, 16, 3, 0, 0, 0, 0, 0, 1, 6, 8,
    0, 0, 0, 0, 0, 0, 0, 1 ],

    \[ 1, 0, 0, 7, 7, 0, 0, 0, 0, 0, 0, 0, 7, 7, 21, 0, 0, 0, 0, 0, 0, 0, 8, 7, 
    0, 0, 0, 0, 0, 0, 0, 1 ],

    \[ 0, 10, 0, 5, 0, 0, 0, 0, 0, 0, 10, 15, 10, 0, 0, 0, 0, 0, 0, 5, 10, 0, 0,
    0, 0, 0, 0, 0, 1, 0, 0, 0 ],

    \[ 0, 7, 0, 7, 0, 1, 0, 0, 0, 0, 4, 9, 12, 10, 0, 0, 0, 0, 0, 1, 4, 10, 0, 
    0, 0, 0, 0, 0, 0, 1, 0, 0 ],

    \[ 0, 6, 4, 1, 4, 0, 0, 0, 0, 0, 4, 9, 12, 10, 0, 0, 0, 0, 0, 1, 4, 10, 0, 
    0, 0, 0, 0, 0, 0, 1, 0, 0 ],

    \[ 0, 6, 1, 1, 6, 0, 1, 0, 0, 0, 4, 3, 6, 12, 10, 0, 0, 0, 0, 1, 0, 4, 10, 
    0, 0, 0, 0, 0, 0, 0, 1, 0 ],

    \[ 0, 6, 0, 5, 0, 4, 0, 0, 0, 0, 4, 3, 6, 12, 10, 0, 0, 0, 0, 1, 0, 4, 10, 
    0, 0, 0, 0, 0, 0, 0, 1, 0 ],

    \[ 0, 6, 0, 2, 0, 6, 0, 1, 0, 0, 4, 3, 0, 6, 12, 10, 0, 0, 0, 1, 0, 0, 4, 
    10, 0, 0, 0, 0, 0, 0, 0, 1 ],

    \[ 0, 6, 0, 1, 4, 0, 4, 0, 0, 0, 4, 3, 0, 6, 12, 10, 0, 0, 0, 1, 0, 0, 4, 
    10, 0, 0, 0, 0, 0, 0, 0, 1 ],

    \[ 0, 6, 0, 9, 0, 0, 0, 0, 0, 0, 2, 9, 18, 6, 0, 0, 0, 0, 0, 0, 6, 9, 0, 0, 
    0, 0, 0, 0, 0, 1, 0, 0 ],

    \[ 0, 4, 6, 3, 2, 0, 0, 0, 0, 0, 1, 12, 15, 7, 0, 0, 0, 0, 0, 0, 6, 9, 0, 0,
    0, 0, 0, 0, 0, 1, 0, 0 ],

    \[ 0, 5, 0, 7, 0, 3, 0, 0, 0, 0, 1, 7, 6, 12, 9, 0, 0, 0, 0, 0, 2, 3, 10, 0,
    0, 0, 0, 0, 0, 0, 1, 0 ],

    \[ 0, 4, 3, 3, 4, 0, 1, 0, 0, 0, 1, 6, 9, 9, 10, 0, 0, 0, 0, 0, 2, 3, 10, 0,
    0, 0, 0, 0, 0, 0, 1, 0 ],

    \[ 0, 4, 2, 3, 6, 0, 0, 0, 0, 0, 1, 4, 9, 15, 6, 0, 0, 0, 0, 0, 1, 5, 9, 0, 
    0, 0, 0, 0, 0, 0, 1, 0 ],

    \[ 0, 4, 0, 9, 0, 2, 0, 0, 0, 0, 1, 3, 12, 12, 7, 0, 0, 0, 0, 0, 1, 5, 9, 0,
    0, 0, 0, 0, 0, 0, 1, 0 ],

    \[ 0, 4, 1, 3, 4, 0, 3, 0, 0, 0, 1, 3, 7, 3, 12, 9, 0, 0, 0, 0, 1, 1, 3, 10,
    0, 0, 0, 0, 0, 0, 0, 1 ],

    \[ 0, 4, 0, 6, 0, 4, 0, 1, 0, 0, 1, 3, 6, 6, 9, 10, 0, 0, 0, 0, 1, 1, 3, 10,
    0, 0, 0, 0, 0, 0, 0, 1 ],

    \[ 0, 4, 0, 5, 0, 6, 0, 0, 0, 0, 1, 3, 4, 6, 15, 6, 0, 0, 0, 0, 1, 0, 5, 9, 
    0, 0, 0, 0, 0, 0, 0, 1 ],

    \[ 0, 4, 0, 3, 6, 0, 2, 0, 0, 0, 1, 3, 3, 9, 12, 7, 0, 0, 0, 0, 1, 0, 5, 9, 
    0, 0, 0, 0, 0, 0, 0, 1 ],

    \[ 0, 3, 6, 1, 2, 3, 0, 0, 0, 0, 1, 6, 9, 9, 10, 0, 0, 0, 0, 0, 2, 3, 10, 0,
    0, 0, 0, 0, 0, 0, 1, 0 ],

    \[ 0, 3, 4, 3, 4, 1, 0, 0, 0, 0, 1, 3, 12, 12, 7, 0, 0, 0, 0, 0, 1, 5, 9, 0,
    0, 0, 0, 0, 0, 0, 1, 0 ],

    \[ 0, 3, 4, 0, 4, 3, 0, 1, 0, 0, 1, 3, 6, 6, 9, 10, 0, 0, 0, 0, 1, 1, 3, 10,
    0, 0, 0, 0, 0, 0, 0, 1 ],

    \[ 0, 3, 3, 3, 2, 1, 3, 0, 0, 0, 1, 3, 6, 6, 9, 10, 0, 0, 0, 0, 1, 1, 3, 10,
    0, 0, 0, 0, 0, 0, 0, 1 ],

    \[ 0, 3, 3, 1, 4, 3, 1, 0, 0, 0, 1, 3, 3, 9, 12, 7, 0, 0, 0, 0, 1, 0, 5, 9, 
    0, 0, 0, 0, 0, 0, 0, 1 ],

    \[ 0, 3, 2, 1, 6, 3, 0, 0, 0, 0, 1, 0, 7, 9, 12, 6, 0, 0, 0, 0, 0, 2, 4, 9, 
    0, 0, 0, 0, 0, 0, 0, 1 ],

    \[ 0, 3, 1, 3, 6, 1, 1, 0, 0, 0, 1, 0, 6, 12, 9, 7, 0, 0, 0, 0, 0, 2, 4, 9, 
    0, 0, 0, 0, 0, 0, 0, 1 ],

    \[ 0, 3, 0, 7, 0, 5, 0, 0, 0, 0, 1, 0, 6, 12, 9, 7, 0, 0, 0, 0, 0, 2, 4, 9, 
    0, 0, 0, 0, 0, 0, 0, 1 ],

    \[ 0, 3, 8, 3, 0, 1, 0, 0, 0, 0, 0, 15, 12, 8, 0, 0, 0, 0, 0, 0, 6, 9, 0, 0,
    0, 0, 0, 0, 0, 1, 0, 0 ],

    \[ 0, 3, 4, 3, 4, 1, 0, 0, 0, 0, 0, 7, 6, 16, 6, 0, 0, 0, 0, 0, 1, 5, 9, 0, 
    0, 0, 0, 0, 0, 0, 1, 0 ],

    \[ 0, 2, 6, 3, 2, 2, 0, 0, 0, 0, 0, 6, 9, 13, 7, 0, 0, 0, 0, 0, 1, 5, 9, 0, 
    0, 0, 0, 0, 0, 0, 1, 0 ],

    \[ 0, 2, 5, 5, 2, 0, 1, 0, 0, 0, 0, 5, 12, 10, 8, 0, 0, 0, 0, 0, 1, 5, 9, 0,
    0, 0, 0, 0, 0, 0, 1, 0 ],

    \[ 0, 2, 5, 1, 2, 4, 1, 0, 0, 0, 0, 5, 4, 4, 16, 6, 0, 0, 0, 0, 1, 0, 5, 9, 
    0, 0, 0, 0, 0, 0, 0, 1 ],

    \[ 0, 2, 4, 3, 2, 2, 2, 0, 0, 0, 0, 5, 3, 7, 13, 7, 0, 0, 0, 0, 1, 0, 5, 9, 
    0, 0, 0, 0, 0, 0, 0, 1 ],

    \[ 0, 2, 4, 2, 4, 2, 0, 1, 0, 0, 0, 5, 2, 10, 10, 8, 0, 0, 0, 0, 1, 0, 5, 9,
    0, 0, 0, 0, 0, 0, 0, 1 ],

    \[ 0, 3, 0, 11, 0, 1, 0, 0, 0, 0, 0, 3, 12, 16, 4, 0, 0, 0, 0, 0, 0, 7, 8, 
    0, 0, 0, 0, 0, 0, 0, 1, 0 ],

    \[ 0, 4, 0, 6, 0, 4, 0, 1, 0, 0, 0, 6, 0, 16, 0, 13, 0, 0, 0, 0, 0, 4, 0, 
    11, 0, 0, 0, 0, 0, 0, 0, 1 ],

    \[ 0, 3, 2, 3, 4, 1, 2, 0, 0, 0, 0, 4, 4, 10, 8, 9, 0, 0, 0, 0, 0, 3, 2, 10,
    0, 0, 0, 0, 0, 0, 0, 1 ],

    \[ 0, 3, 0, 7, 0, 5, 0, 0, 0, 0, 0, 3, 4, 10, 12, 6, 0, 0, 0, 0, 0, 2, 4, 9,
    0, 0, 0, 0, 0, 0, 0, 1 ],

    \[ 0, 3, 0, 3, 8, 1, 0, 0, 0, 0, 0, 3, 0, 16, 12, 4, 0, 0, 0, 0, 0, 1, 6, 8,
    0, 0, 0, 0, 0, 0, 0, 1 ],

    \[ 0, 2, 4, 5, 4, 0, 0, 0, 0, 0, 0, 3, 12, 16, 4, 0, 0, 0, 0, 0, 0, 7, 8, 0,
    0, 0, 0, 0, 0, 0, 1, 0 ],

    \[ 0, 2, 4, 2, 4, 2, 0, 1, 0, 0, 0, 3, 6, 10, 6, 10, 0, 0, 0, 0, 0, 3, 2, 
    10, 0, 0, 0, 0, 0, 0, 0, 1 ],

    \[ 0, 2, 4, 1, 4, 4, 0, 0, 0, 0, 0, 3, 4, 10, 12, 6, 0, 0, 0, 0, 0, 2, 4, 9,
    0, 0, 0, 0, 0, 0, 0, 1 ],

    \[ 0, 2, 2, 5, 4, 0, 2, 0, 0, 0, 0, 2, 6, 10, 10, 7, 0, 0, 0, 0, 0, 2, 4, 9,
    0, 0, 0, 0, 0, 0, 0, 1 ],

    \[ 0, 2, 3, 3, 4, 2, 1, 0, 0, 0, 0, 2, 7, 7, 13, 6, 0, 0, 0, 0, 0, 2, 4, 9, 
    0, 0, 0, 0, 0, 0, 0, 1 ],

    \[ 0, 2, 2, 3, 6, 2, 0, 0, 0, 0, 0, 2, 3, 13, 13, 4, 0, 0, 0, 0, 0, 1, 6, 8,
    0, 0, 0, 0, 0, 0, 0, 1 ],

    \[ 0, 2, 0, 10, 0, 2, 0, 1, 0, 0, 0, 1, 8, 10, 8, 8, 0, 0, 0, 0, 0, 2, 4, 9,
    0, 0, 0, 0, 0, 0, 0, 1 ],

    \[ 0, 2, 1, 5, 6, 0, 1, 0, 0, 0, 0, 1, 6, 10, 14, 4, 0, 0, 0, 0, 0, 1, 6, 8,
    0, 0, 0, 0, 0, 0, 0, 1 ],

    \[ 0, 2, 0, 9, 0, 4, 0, 0, 0, 0, 0, 1, 6, 10, 14, 4, 0, 0, 0, 0, 0, 1, 6, 8,
    0, 0, 0, 0, 0, 0, 0, 1 ],

    \[ 0, 1, 6, 5, 2, 1, 0, 0, 0, 0, 0, 2, 15, 13, 5, 0, 0, 0, 0, 0, 0, 7, 8, 0,
    0, 0, 0, 0, 0, 0, 1, 0 ],

    \[ 0, 1, 6, 3, 0, 3, 2, 0, 0, 0, 0, 3, 6, 10, 6, 10, 0, 0, 0, 0, 0, 3, 2, 
    10, 0, 0, 0, 0, 0, 0, 0, 1 ],

    \[ 0, 1, 5, 3, 2, 3, 1, 0, 0, 0, 0, 2, 6, 10, 10, 7, 0, 0, 0, 0, 0, 2, 4, 9,
    0, 0, 0, 0, 0, 0, 0, 1 ],

    \[ 0, 1, 4, 3, 4, 3, 0, 0, 0, 0, 0, 2, 2, 16, 10, 5, 0, 0, 0, 0, 0, 1, 6, 8,
    0, 0, 0, 0, 0, 0, 0, 1 ],

    \[ 0, 1, 4, 5, 2, 1, 2, 0, 0, 0, 0, 1, 9, 7, 11, 7, 0, 0, 0, 0, 0, 2, 4, 9, 
    0, 0, 0, 0, 0, 0, 0, 1 ],

    \[ 0, 1, 4, 4, 4, 1, 0, 1, 0, 0, 0, 1, 8, 10, 8, 8, 0, 0, 0, 0, 0, 2, 4, 9, 
    0, 0, 0, 0, 0, 0, 0, 1 ],

    \[ 0, 1, 4, 3, 4, 3, 0, 0, 0, 0, 0, 1, 6, 10, 14, 4, 0, 0, 0, 0, 0, 1, 6, 8,
    0, 0, 0, 0, 0, 0, 0, 1 ],

    \[ 0, 1, 3, 5, 4, 1, 1, 0, 0, 0, 0, 1, 5, 13, 11, 5, 0, 0, 0, 0, 0, 1, 6, 8,
    0, 0, 0, 0, 0, 0, 0, 1 ],

    \[ 0, 1, 4, 3, 4, 3, 0, 0, 0, 0, 0, 0, 10, 4, 18, 3, 0, 0, 0, 0, 0, 1, 6, 8,
    0, 0, 0, 0, 0, 0, 0, 1 ],

    \[ 0, 1, 2, 5, 6, 1, 0, 0, 0, 0, 0, 0, 5, 13, 15, 2, 0, 0, 0, 0, 0, 0, 8, 7,
    0, 0, 0, 0, 0, 0, 0, 1 ],

    \[ 0, 1, 0, 11, 0, 3, 0, 0, 0, 0, 0, 0, 4, 16, 12, 3, 0, 0, 0, 0, 0, 0, 8, 
    7, 0, 0, 0, 0, 0, 0, 0, 1 ],

    \[ 0, 0, 7, 7, 0, 0, 1, 0, 0, 0, 0, 0, 21, 7, 7, 0, 0, 0, 0, 0, 0, 7, 8, 0, 
    0, 0, 0, 0, 0, 0, 1, 0 ],

    \[ 0, 0, 5, 5, 2, 2, 1, 0, 0, 0, 0, 0, 8, 10, 12, 5, 0, 0, 0, 0, 0, 1, 6, 8,
    0, 0, 0, 0, 0, 0, 0, 1 ],

    \[ 0, 0, 4, 6, 4, 0, 0, 1, 0, 0, 0, 0, 6, 16, 6, 7, 0, 0, 0, 0, 0, 1, 6, 8, 
    0, 0, 0, 0, 0, 0, 0, 1 ],

    \[ 0, 0, 3, 7, 4, 0, 1, 0, 0, 0, 0, 0, 3, 19, 9, 4, 0, 0, 0, 0, 0, 0, 8, 7, 
    0, 0, 0, 0, 0, 0, 0, 1 ],

    \[ 0, 0, 4, 5, 4, 2, 0, 0, 0, 0, 0, 0, 4, 16, 12, 3, 0, 0, 0, 0, 0, 0, 8, 7,
    0, 0, 0, 0, 0, 0, 0, 1 ],

    \[ 0, 0, 0, 14, 0, 0, 0, 1, 0, 0, 0, 0, 0, 28, 0, 7, 0, 0, 0, 0, 0, 0, 8, 7,
    0, 0, 0, 0, 0, 0, 0, 1 ]
]
\[ 106, 106 ]
[ RMatrixSpace(IntegerRing(), 4, 8) |
    \[ 4, 6, 4, 1, 0, 0, 0, 0, 0, 6, 16, 13, 0, 0, 0, 0, 0, 0, 4, 11, 0, 0, 0, 
    0, 0, 0, 0, 1, 0, 0, 0, 0 ],

    \[ 3, 4, 4, 3, 1, 0, 0, 0, 0, 3, 7, 12, 13, 0, 0, 0, 0, 0, 1, 3, 11, 0, 0, 
    0, 0, 0, 0, 0, 1, 0, 0, 0 ],

    \[ 3, 3, 2, 3, 3, 1, 0, 0, 0, 3, 4, 3, 12, 13, 0, 0, 0, 0, 1, 0, 3, 11, 0, 
    0, 0, 0, 0, 0, 0, 1, 0, 0 ],

    \[ 3, 3, 1, 1, 3, 3, 1, 0, 0, 3, 4, 0, 3, 12, 13, 0, 0, 0, 1, 0, 0, 3, 11, 
    0, 0, 0, 0, 0, 0, 0, 1, 0 ],

    \[ 3, 3, 1, 0, 1, 3, 3, 1, 0, 3, 4, 0, 0, 3, 12, 13, 0, 0, 1, 0, 0, 0, 3, 
    11, 0, 0, 0, 0, 0, 0, 0, 1 ],

    \[ 2, 4, 6, 3, 0, 0, 0, 0, 0, 1, 7, 18, 9, 0, 0, 0, 0, 0, 0, 5, 10, 0, 0, 0,
    0, 0, 0, 0, 1, 0, 0, 0 ],

    \[ 2, 3, 4, 3, 2, 1, 0, 0, 0, 1, 4, 9, 8, 13, 0, 0, 0, 0, 0, 2, 2, 11, 0, 0,
    0, 0, 0, 0, 0, 1, 0, 0 ],

    \[ 2, 2, 4, 5, 2, 0, 0, 0, 0, 1, 2, 9, 14, 9, 0, 0, 0, 0, 0, 1, 4, 10, 0, 0,
    0, 0, 0, 0, 0, 1, 0, 0 ],

    \[ 2, 2, 3, 3, 2, 2, 1, 0, 0, 1, 2, 6, 5, 8, 13, 0, 0, 0, 0, 1, 1, 2, 11, 0,
    0, 0, 0, 0, 0, 0, 1, 0 ],

    \[ 2, 2, 2, 3, 4, 2, 0, 0, 0, 1, 2, 4, 5, 14, 9, 0, 0, 0, 0, 1, 0, 4, 10, 0,
    0, 0, 0, 0, 0, 0, 1, 0 ],

    \[ 2, 2, 2, 2, 2, 2, 2, 1, 0, 1, 2, 4, 2, 5, 8, 13, 0, 0, 0, 1, 0, 1, 2, 11,
    0, 0, 0, 0, 0, 0, 0, 1 ],

    \[ 2, 2, 2, 1, 2, 4, 2, 0, 0, 1, 2, 4, 0, 5, 14, 9, 0, 0, 0, 1, 0, 0, 4, 10,
    0, 0, 0, 0, 0, 0, 0, 1 ],

    \[ 2, 1, 2, 5, 4, 1, 0, 0, 0, 1, 0, 4, 11, 10, 9, 0, 0, 0, 0, 0, 2, 3, 10, 
    0, 0, 0, 0, 0, 0, 0, 1, 0 ],

    \[ 2, 1, 2, 4, 2, 1, 2, 1, 0, 1, 0, 4, 8, 1, 8, 13, 0, 0, 0, 0, 2, 0, 2, 11,
    0, 0, 0, 0, 0, 0, 0, 1 ],

    \[ 2, 1, 1, 3, 4, 3, 1, 0, 0, 1, 0, 2, 6, 7, 10, 9, 0, 0, 0, 0, 1, 1, 3, 10,
    0, 0, 0, 0, 0, 0, 0, 1 ],

    \[ 2, 1, 0, 3, 6, 3, 0, 0, 0, 1, 0, 0, 6, 13, 6, 9, 0, 0, 0, 0, 0, 3, 2, 10,
    0, 0, 0, 0, 0, 0, 0, 1 ],

    \[ 1, 6, 6, 1, 1, 0, 0, 0, 0, 0, 10, 15, 10, 0, 0, 0, 0, 0, 0, 5, 10, 0, 0, 
    0, 0, 0, 0, 0, 1, 0, 0, 0 ],

    \[ 1, 4, 4, 3, 3, 0, 0, 0, 0, 0, 5, 6, 15, 9, 0, 0, 0, 0, 0, 1, 4, 10, 0, 0,
    0, 0, 0, 0, 0, 1, 0, 0 ],

    \[ 1, 3, 6, 3, 1, 1, 0, 0, 0, 0, 4, 9, 12, 10, 0, 0, 0, 0, 0, 1, 4, 10, 0, 
    0, 0, 0, 0, 0, 0, 1, 0, 0 ],

    \[ 1, 3, 4, 1, 3, 3, 0, 0, 0, 0, 4, 4, 3, 15, 9, 0, 0, 0, 0, 1, 0, 4, 10, 0,
    0, 0, 0, 0, 0, 0, 1, 0 ],

    \[ 1, 3, 3, 3, 3, 1, 1, 0, 0, 0, 4, 3, 6, 12, 10, 0, 0, 0, 0, 1, 0, 4, 10, 
    0, 0, 0, 0, 0, 0, 0, 1, 0 ],

    \[ 1, 3, 3, 1, 1, 3, 3, 0, 0, 0, 4, 3, 1, 3, 15, 9, 0, 0, 0, 1, 0, 0, 4, 10,
    0, 0, 0, 0, 0, 0, 0, 1 ],

    \[ 1, 3, 3, 0, 3, 3, 1, 1, 0, 0, 4, 3, 0, 6, 12, 10, 0, 0, 0, 1, 0, 0, 4, 
    10, 0, 0, 0, 0, 0, 0, 0, 1 ],

    \[ 1, 2, 6, 5, 1, 0, 0, 0, 0, 0, 2, 9, 18, 6, 0, 0, 0, 0, 0, 0, 6, 9, 0, 0, 
    0, 0, 0, 0, 0, 1, 0, 0 ],

    \[ 1, 3, 3, 3, 3, 1, 1, 0, 0, 0, 3, 3, 12, 4, 13, 0, 0, 0, 0, 0, 3, 1, 11, 
    0, 0, 0, 0, 0, 0, 0, 1, 0 ],

    \[ 1, 2, 4, 3, 3, 2, 0, 0, 0, 0, 2, 4, 9, 11, 9, 0, 0, 0, 0, 0, 2, 3, 10, 0,
    0, 0, 0, 0, 0, 0, 1, 0 ],

    \[ 1, 2, 2, 5, 5, 0, 0, 0, 0, 0, 2, 1, 12, 14, 6, 0, 0, 0, 0, 0, 1, 5, 9, 0,
    0, 0, 0, 0, 0, 0, 1, 0 ],

    \[ 1, 2, 3, 2, 3, 2, 1, 1, 0, 0, 2, 2, 6, 8, 4, 13, 0, 0, 0, 0, 1, 2, 1, 11,
    0, 0, 0, 0, 0, 0, 0, 1 ],

    \[ 1, 2, 2, 3, 3, 2, 2, 0, 0, 0, 2, 1, 7, 5, 11, 9, 0, 0, 0, 0, 1, 1, 3, 10,
    0, 0, 0, 0, 0, 0, 0, 1 ],

    \[ 1, 2, 2, 1, 5, 4, 0, 0, 0, 0, 2, 1, 4, 8, 14, 6, 0, 0, 0, 0, 1, 0, 5, 9, 
    0, 0, 0, 0, 0, 0, 0, 1 ],

    \[ 1, 1, 5, 5, 1, 1, 1, 0, 0, 0, 1, 6, 9, 9, 10, 0, 0, 0, 0, 0, 2, 3, 10, 0,
    0, 0, 0, 0, 0, 0, 1, 0 ],

    \[ 1, 1, 4, 5, 3, 1, 0, 0, 0, 0, 1, 4, 9, 15, 6, 0, 0, 0, 0, 0, 1, 5, 9, 0, 
    0, 0, 0, 0, 0, 0, 1, 0 ],

    \[ 1, 1, 4, 3, 1, 3, 2, 0, 0, 0, 1, 4, 4, 6, 11, 9, 0, 0, 0, 0, 1, 1, 3, 10,
    0, 0, 0, 0, 0, 0, 0, 1 ],

    \[ 1, 1, 3, 4, 3, 1, 1, 1, 0, 0, 1, 3, 6, 6, 9, 10, 0, 0, 0, 0, 1, 1, 3, 10,
    0, 0, 0, 0, 0, 0, 0, 1 ],

    \[ 1, 1, 3, 3, 3, 3, 1, 0, 0, 0, 1, 3, 4, 6, 15, 6, 0, 0, 0, 0, 1, 0, 5, 9, 
    0, 0, 0, 0, 0, 0, 0, 1 ],

    \[ 1, 1, 3, 3, 3, 3, 1, 0, 0, 0, 1, 2, 4, 12, 7, 9, 0, 0, 0, 0, 0, 3, 2, 10,
    0, 0, 0, 0, 0, 0, 0, 1 ],

    \[ 1, 1, 2, 3, 5, 3, 0, 0, 0, 0, 1, 1, 4, 12, 11, 6, 0, 0, 0, 0, 0, 2, 4, 9,
    0, 0, 0, 0, 0, 0, 0, 1 ],

    \[ 1, 1, 1, 5, 5, 1, 1, 0, 0, 0, 1, 0, 7, 9, 12, 6, 0, 0, 0, 0, 0, 2, 4, 9, 
    0, 0, 0, 0, 0, 0, 0, 1 ],

    \[ 1, 0, 4, 7, 3, 0, 0, 0, 0, 0, 0, 4, 9, 19, 3, 0, 0, 0, 0, 0, 0, 7, 8, 0, 
    0, 0, 0, 0, 0, 0, 1, 0 ],

    \[ 1, 0, 3, 6, 3, 0, 1, 1, 0, 0, 0, 3, 6, 10, 6, 10, 0, 0, 0, 0, 0, 3, 2, 
    10, 0, 0, 0, 0, 0, 0, 0, 1 ],

    \[ 1, 0, 3, 5, 3, 2, 1, 0, 0, 0, 0, 3, 4, 10, 12, 6, 0, 0, 0, 0, 0, 2, 4, 9,
    0, 0, 0, 0, 0, 0, 0, 1 ],

    \[ 1, 0, 2, 5, 5, 2, 0, 0, 0, 0, 0, 2, 4, 10, 16, 3, 0, 0, 0, 0, 0, 1, 6, 8,
    0, 0, 0, 0, 0, 0, 0, 1 ],

    \[ 1, 0, 0, 7, 7, 0, 0, 0, 0, 0, 0, 0, 7, 7, 21, 0, 0, 0, 0, 0, 0, 0, 8, 7, 
    0, 0, 0, 0, 0, 0, 0, 1 ],

    \[ 0, 10, 0, 5, 0, 0, 0, 0, 0, 0, 10, 15, 10, 0, 0, 0, 0, 0, 0, 5, 10, 0, 0,
    0, 0, 0, 0, 0, 1, 0, 0, 0 ],

    \[ 0, 7, 0, 7, 0, 1, 0, 0, 0, 0, 4, 9, 12, 10, 0, 0, 0, 0, 0, 1, 4, 10, 0, 
    0, 0, 0, 0, 0, 0, 1, 0, 0 ],

    \[ 0, 6, 4, 1, 4, 0, 0, 0, 0, 0, 4, 9, 12, 10, 0, 0, 0, 0, 0, 1, 4, 10, 0, 
    0, 0, 0, 0, 0, 0, 1, 0, 0 ],

    \[ 0, 6, 1, 1, 6, 0, 1, 0, 0, 0, 4, 3, 6, 12, 10, 0, 0, 0, 0, 1, 0, 4, 10, 
    0, 0, 0, 0, 0, 0, 0, 1, 0 ],

    \[ 0, 6, 0, 5, 0, 4, 0, 0, 0, 0, 4, 3, 6, 12, 10, 0, 0, 0, 0, 1, 0, 4, 10, 
    0, 0, 0, 0, 0, 0, 0, 1, 0 ],

    \[ 0, 6, 0, 2, 0, 6, 0, 1, 0, 0, 4, 3, 0, 6, 12, 10, 0, 0, 0, 1, 0, 0, 4, 
    10, 0, 0, 0, 0, 0, 0, 0, 1 ],

    \[ 0, 6, 0, 1, 4, 0, 4, 0, 0, 0, 4, 3, 0, 6, 12, 10, 0, 0, 0, 1, 0, 0, 4, 
    10, 0, 0, 0, 0, 0, 0, 0, 1 ],

    \[ 0, 6, 0, 9, 0, 0, 0, 0, 0, 0, 2, 9, 18, 6, 0, 0, 0, 0, 0, 0, 6, 9, 0, 0, 
    0, 0, 0, 0, 0, 1, 0, 0 ],

    \[ 0, 4, 6, 3, 2, 0, 0, 0, 0, 0, 1, 12, 15, 7, 0, 0, 0, 0, 0, 0, 6, 9, 0, 0,
    0, 0, 0, 0, 0, 1, 0, 0 ],

    \[ 0, 5, 0, 7, 0, 3, 0, 0, 0, 0, 1, 7, 6, 12, 9, 0, 0, 0, 0, 0, 2, 3, 10, 0,
    0, 0, 0, 0, 0, 0, 1, 0 ],

    \[ 0, 4, 3, 3, 4, 0, 1, 0, 0, 0, 1, 6, 9, 9, 10, 0, 0, 0, 0, 0, 2, 3, 10, 0,
    0, 0, 0, 0, 0, 0, 1, 0 ],

    \[ 0, 4, 2, 3, 6, 0, 0, 0, 0, 0, 1, 4, 9, 15, 6, 0, 0, 0, 0, 0, 1, 5, 9, 0, 
    0, 0, 0, 0, 0, 0, 1, 0 ],

    \[ 0, 4, 0, 9, 0, 2, 0, 0, 0, 0, 1, 3, 12, 12, 7, 0, 0, 0, 0, 0, 1, 5, 9, 0,
    0, 0, 0, 0, 0, 0, 1, 0 ],

    \[ 0, 4, 1, 3, 4, 0, 3, 0, 0, 0, 1, 3, 7, 3, 12, 9, 0, 0, 0, 0, 1, 1, 3, 10,
    0, 0, 0, 0, 0, 0, 0, 1 ],

    \[ 0, 4, 0, 6, 0, 4, 0, 1, 0, 0, 1, 3, 6, 6, 9, 10, 0, 0, 0, 0, 1, 1, 3, 10,
    0, 0, 0, 0, 0, 0, 0, 1 ],

    \[ 0, 4, 0, 5, 0, 6, 0, 0, 0, 0, 1, 3, 4, 6, 15, 6, 0, 0, 0, 0, 1, 0, 5, 9, 
    0, 0, 0, 0, 0, 0, 0, 1 ],

    \[ 0, 4, 0, 3, 6, 0, 2, 0, 0, 0, 1, 3, 3, 9, 12, 7, 0, 0, 0, 0, 1, 0, 5, 9, 
    0, 0, 0, 0, 0, 0, 0, 1 ],

    \[ 0, 3, 6, 1, 2, 3, 0, 0, 0, 0, 1, 6, 9, 9, 10, 0, 0, 0, 0, 0, 2, 3, 10, 0,
    0, 0, 0, 0, 0, 0, 1, 0 ],

    \[ 0, 3, 4, 3, 4, 1, 0, 0, 0, 0, 1, 3, 12, 12, 7, 0, 0, 0, 0, 0, 1, 5, 9, 0,
    0, 0, 0, 0, 0, 0, 1, 0 ],

    \[ 0, 3, 4, 0, 4, 3, 0, 1, 0, 0, 1, 3, 6, 6, 9, 10, 0, 0, 0, 0, 1, 1, 3, 10,
    0, 0, 0, 0, 0, 0, 0, 1 ],

    \[ 0, 3, 3, 3, 2, 1, 3, 0, 0, 0, 1, 3, 6, 6, 9, 10, 0, 0, 0, 0, 1, 1, 3, 10,
    0, 0, 0, 0, 0, 0, 0, 1 ],

    \[ 0, 3, 3, 1, 4, 3, 1, 0, 0, 0, 1, 3, 3, 9, 12, 7, 0, 0, 0, 0, 1, 0, 5, 9, 
    0, 0, 0, 0, 0, 0, 0, 1 ],

    \[ 0, 3, 2, 1, 6, 3, 0, 0, 0, 0, 1, 0, 7, 9, 12, 6, 0, 0, 0, 0, 0, 2, 4, 9, 
    0, 0, 0, 0, 0, 0, 0, 1 ],

    \[ 0, 3, 1, 3, 6, 1, 1, 0, 0, 0, 1, 0, 6, 12, 9, 7, 0, 0, 0, 0, 0, 2, 4, 9, 
    0, 0, 0, 0, 0, 0, 0, 1 ],

    \[ 0, 3, 0, 7, 0, 5, 0, 0, 0, 0, 1, 0, 6, 12, 9, 7, 0, 0, 0, 0, 0, 2, 4, 9, 
    0, 0, 0, 0, 0, 0, 0, 1 ],

    \[ 0, 3, 8, 3, 0, 1, 0, 0, 0, 0, 0, 15, 12, 8, 0, 0, 0, 0, 0, 0, 6, 9, 0, 0,
    0, 0, 0, 0, 0, 1, 0, 0 ],

    \[ 0, 3, 4, 3, 4, 1, 0, 0, 0, 0, 0, 7, 6, 16, 6, 0, 0, 0, 0, 0, 1, 5, 9, 0, 
    0, 0, 0, 0, 0, 0, 1, 0 ],

    \[ 0, 2, 6, 3, 2, 2, 0, 0, 0, 0, 0, 6, 9, 13, 7, 0, 0, 0, 0, 0, 1, 5, 9, 0, 
    0, 0, 0, 0, 0, 0, 1, 0 ],

    \[ 0, 2, 5, 5, 2, 0, 1, 0, 0, 0, 0, 5, 12, 10, 8, 0, 0, 0, 0, 0, 1, 5, 9, 0,
    0, 0, 0, 0, 0, 0, 1, 0 ],

    \[ 0, 2, 5, 1, 2, 4, 1, 0, 0, 0, 0, 5, 4, 4, 16, 6, 0, 0, 0, 0, 1, 0, 5, 9, 
    0, 0, 0, 0, 0, 0, 0, 1 ],

    \[ 0, 2, 4, 3, 2, 2, 2, 0, 0, 0, 0, 5, 3, 7, 13, 7, 0, 0, 0, 0, 1, 0, 5, 9, 
    0, 0, 0, 0, 0, 0, 0, 1 ],

    \[ 0, 2, 4, 2, 4, 2, 0, 1, 0, 0, 0, 5, 2, 10, 10, 8, 0, 0, 0, 0, 1, 0, 5, 9,
    0, 0, 0, 0, 0, 0, 0, 1 ],

    \[ 0, 3, 0, 11, 0, 1, 0, 0, 0, 0, 0, 3, 12, 16, 4, 0, 0, 0, 0, 0, 0, 7, 8, 
    0, 0, 0, 0, 0, 0, 0, 1, 0 ],

    \[ 0, 4, 0, 6, 0, 4, 0, 1, 0, 0, 0, 6, 0, 16, 0, 13, 0, 0, 0, 0, 0, 4, 0, 
    11, 0, 0, 0, 0, 0, 0, 0, 1 ],

    \[ 0, 3, 2, 3, 4, 1, 2, 0, 0, 0, 0, 4, 4, 10, 8, 9, 0, 0, 0, 0, 0, 3, 2, 10,
    0, 0, 0, 0, 0, 0, 0, 1 ],

    \[ 0, 3, 0, 7, 0, 5, 0, 0, 0, 0, 0, 3, 4, 10, 12, 6, 0, 0, 0, 0, 0, 2, 4, 9,
    0, 0, 0, 0, 0, 0, 0, 1 ],

    \[ 0, 3, 0, 3, 8, 1, 0, 0, 0, 0, 0, 3, 0, 16, 12, 4, 0, 0, 0, 0, 0, 1, 6, 8,
    0, 0, 0, 0, 0, 0, 0, 1 ],

    \[ 0, 2, 4, 5, 4, 0, 0, 0, 0, 0, 0, 3, 12, 16, 4, 0, 0, 0, 0, 0, 0, 7, 8, 0,
    0, 0, 0, 0, 0, 0, 1, 0 ],

    \[ 0, 2, 4, 2, 4, 2, 0, 1, 0, 0, 0, 3, 6, 10, 6, 10, 0, 0, 0, 0, 0, 3, 2, 
    10, 0, 0, 0, 0, 0, 0, 0, 1 ],

    \[ 0, 2, 4, 1, 4, 4, 0, 0, 0, 0, 0, 3, 4, 10, 12, 6, 0, 0, 0, 0, 0, 2, 4, 9,
    0, 0, 0, 0, 0, 0, 0, 1 ],

    \[ 0, 2, 2, 5, 4, 0, 2, 0, 0, 0, 0, 2, 6, 10, 10, 7, 0, 0, 0, 0, 0, 2, 4, 9,
    0, 0, 0, 0, 0, 0, 0, 1 ],

    \[ 0, 2, 3, 3, 4, 2, 1, 0, 0, 0, 0, 2, 7, 7, 13, 6, 0, 0, 0, 0, 0, 2, 4, 9, 
    0, 0, 0, 0, 0, 0, 0, 1 ],

    \[ 0, 2, 2, 3, 6, 2, 0, 0, 0, 0, 0, 2, 3, 13, 13, 4, 0, 0, 0, 0, 0, 1, 6, 8,
    0, 0, 0, 0, 0, 0, 0, 1 ],

    \[ 0, 2, 0, 10, 0, 2, 0, 1, 0, 0, 0, 1, 8, 10, 8, 8, 0, 0, 0, 0, 0, 2, 4, 9,
    0, 0, 0, 0, 0, 0, 0, 1 ],

    \[ 0, 2, 1, 5, 6, 0, 1, 0, 0, 0, 0, 1, 6, 10, 14, 4, 0, 0, 0, 0, 0, 1, 6, 8,
    0, 0, 0, 0, 0, 0, 0, 1 ],

    \[ 0, 2, 0, 9, 0, 4, 0, 0, 0, 0, 0, 1, 6, 10, 14, 4, 0, 0, 0, 0, 0, 1, 6, 8,
    0, 0, 0, 0, 0, 0, 0, 1 ],

    \[ 0, 1, 6, 5, 2, 1, 0, 0, 0, 0, 0, 2, 15, 13, 5, 0, 0, 0, 0, 0, 0, 7, 8, 0,
    0, 0, 0, 0, 0, 0, 1, 0 ],

    \[ 0, 1, 6, 3, 0, 3, 2, 0, 0, 0, 0, 3, 6, 10, 6, 10, 0, 0, 0, 0, 0, 3, 2, 
    10, 0, 0, 0, 0, 0, 0, 0, 1 ],

    \[ 0, 1, 5, 3, 2, 3, 1, 0, 0, 0, 0, 2, 6, 10, 10, 7, 0, 0, 0, 0, 0, 2, 4, 9,
    0, 0, 0, 0, 0, 0, 0, 1 ],

    \[ 0, 1, 4, 3, 4, 3, 0, 0, 0, 0, 0, 2, 2, 16, 10, 5, 0, 0, 0, 0, 0, 1, 6, 8,
    0, 0, 0, 0, 0, 0, 0, 1 ],

    \[ 0, 1, 4, 5, 2, 1, 2, 0, 0, 0, 0, 1, 9, 7, 11, 7, 0, 0, 0, 0, 0, 2, 4, 9, 
    0, 0, 0, 0, 0, 0, 0, 1 ],

    \[ 0, 1, 4, 4, 4, 1, 0, 1, 0, 0, 0, 1, 8, 10, 8, 8, 0, 0, 0, 0, 0, 2, 4, 9, 
    0, 0, 0, 0, 0, 0, 0, 1 ],

    \[ 0, 1, 4, 3, 4, 3, 0, 0, 0, 0, 0, 1, 6, 10, 14, 4, 0, 0, 0, 0, 0, 1, 6, 8,
    0, 0, 0, 0, 0, 0, 0, 1 ],

    \[ 0, 1, 3, 5, 4, 1, 1, 0, 0, 0, 0, 1, 5, 13, 11, 5, 0, 0, 0, 0, 0, 1, 6, 8,
    0, 0, 0, 0, 0, 0, 0, 1 ],

    \[ 0, 1, 4, 3, 4, 3, 0, 0, 0, 0, 0, 0, 10, 4, 18, 3, 0, 0, 0, 0, 0, 1, 6, 8,
    0, 0, 0, 0, 0, 0, 0, 1 ],

    \[ 0, 1, 2, 5, 6, 1, 0, 0, 0, 0, 0, 0, 5, 13, 15, 2, 0, 0, 0, 0, 0, 0, 8, 7,
    0, 0, 0, 0, 0, 0, 0, 1 ],

    \[ 0, 1, 0, 11, 0, 3, 0, 0, 0, 0, 0, 0, 4, 16, 12, 3, 0, 0, 0, 0, 0, 0, 8, 
    7, 0, 0, 0, 0, 0, 0, 0, 1 ],

    \[ 0, 0, 7, 7, 0, 0, 1, 0, 0, 0, 0, 0, 21, 7, 7, 0, 0, 0, 0, 0, 0, 7, 8, 0, 
    0, 0, 0, 0, 0, 0, 1, 0 ],

    \[ 0, 0, 5, 5, 2, 2, 1, 0, 0, 0, 0, 0, 8, 10, 12, 5, 0, 0, 0, 0, 0, 1, 6, 8,
    0, 0, 0, 0, 0, 0, 0, 1 ],

    \[ 0, 0, 4, 6, 4, 0, 0, 1, 0, 0, 0, 0, 6, 16, 6, 7, 0, 0, 0, 0, 0, 1, 6, 8, 
    0, 0, 0, 0, 0, 0, 0, 1 ],

    \[ 0, 0, 3, 7, 4, 0, 1, 0, 0, 0, 0, 0, 3, 19, 9, 4, 0, 0, 0, 0, 0, 0, 8, 7, 
    0, 0, 0, 0, 0, 0, 0, 1 ],

    \[ 0, 0, 4, 5, 4, 2, 0, 0, 0, 0, 0, 0, 4, 16, 12, 3, 0, 0, 0, 0, 0, 0, 8, 7,
    0, 0, 0, 0, 0, 0, 0, 1 ],

    \[ 0, 0, 0, 14, 0, 0, 0, 1, 0, 0, 0, 0, 0, 28, 0, 7, 0, 0, 0, 0, 0, 0, 8, 7,
    0, 0, 0, 0, 0, 0, 0, 1 ]
]
