KMatrixSpace(GF(2), 3, 11) ! Matrix(SparseMatrix(GF(2), 3, 11, \[
    1, 1,1,
    1, 2,1,
    1, 3,1
]))
KMatrixSpace(GF(2), 3, 11) ! Matrix(GF(2), 3, 11, \[ 1, 0, 0, 0, 0, 0, 0, 0, 0, 
0, 0, 0, 1, 0, 0, 0, 0, 0, 0, 0, 0, 0, 0, 0, 1, 1, 1, 0, 0, 0, 0, 0, 0 ])
KMatrixSpace(GF(2), 3, 11) ! Matrix(GF(2), 3, 11, \[ 1, 0, 0, 0, 0, 0, 0, 0, 0, 
0, 0, 0, 1, 0, 0, 0, 0, 0, 0, 0, 0, 0, 0, 0, 1, 1, 1, 1, 1, 0, 0, 0, 0 ])
KMatrixSpace(GF(2), 3, 11) ! Matrix(GF(2), 3, 11, \[ 1, 0, 0, 0, 0, 0, 0, 0, 0, 
0, 0, 0, 1, 0, 0, 0, 0, 0, 0, 0, 0, 0, 0, 0, 1, 1, 1, 1, 1, 1, 1, 0, 0 ])
KMatrixSpace(GF(2), 3, 11) ! Matrix(GF(2), 3, 11, \[ 1, 0, 0, 0, 0, 0, 0, 0, 0, 
0, 0, 0, 1, 0, 0, 0, 0, 0, 0, 0, 0, 0, 0, 0, 1, 1, 1, 1, 1, 1, 1, 1, 1 ])
KMatrixSpace(GF(2), 3, 11) ! Matrix(GF(2), 3, 11, \[ 1, 0, 0, 0, 0, 0, 0, 0, 0, 
0, 0, 0, 1, 1, 0, 0, 0, 0, 0, 0, 0, 0, 0, 0, 0, 1, 1, 0, 0, 0, 0, 0, 0 ])
KMatrixSpace(GF(2), 3, 11) ! Matrix(GF(2), 3, 11, \[ 1, 0, 0, 0, 0, 0, 0, 0, 0, 
0, 0, 0, 1, 1, 0, 0, 0, 0, 0, 0, 0, 0, 0, 0, 0, 1, 1, 1, 0, 0, 0, 0, 0 ])
KMatrixSpace(GF(2), 3, 11) ! Matrix(GF(2), 3, 11, \[ 1, 0, 0, 0, 0, 0, 0, 0, 0, 
0, 0, 0, 1, 1, 0, 0, 0, 0, 0, 0, 0, 0, 0, 0, 0, 1, 1, 1, 1, 0, 0, 0, 0 ])
KMatrixSpace(GF(2), 3, 11) ! Matrix(GF(2), 3, 11, \[ 1, 0, 0, 0, 0, 0, 0, 0, 0, 
0, 0, 0, 1, 1, 0, 0, 0, 0, 0, 0, 0, 0, 0, 0, 0, 1, 1, 1, 1, 1, 0, 0, 0 ])
KMatrixSpace(GF(2), 3, 11) ! Matrix(GF(2), 3, 11, \[ 1, 0, 0, 0, 0, 0, 0, 0, 0, 
0, 0, 0, 1, 1, 0, 0, 0, 0, 0, 0, 0, 0, 0, 0, 0, 1, 1, 1, 1, 1, 1, 0, 0 ])
KMatrixSpace(GF(2), 3, 11) ! Matrix(GF(2), 3, 11, \[ 1, 0, 0, 0, 0, 0, 0, 0, 0, 
0, 0, 0, 1, 1, 0, 0, 0, 0, 0, 0, 0, 0, 0, 0, 0, 1, 1, 1, 1, 1, 1, 1, 0 ])
KMatrixSpace(GF(2), 3, 11) ! Matrix(GF(2), 3, 11, \[ 1, 0, 0, 0, 0, 0, 0, 0, 0, 
0, 0, 0, 1, 1, 0, 0, 0, 0, 0, 0, 0, 0, 0, 0, 0, 1, 1, 1, 1, 1, 1, 1, 1 ])
KMatrixSpace(GF(2), 3, 11) ! Matrix(GF(2), 3, 11, \[ 1, 0, 0, 0, 0, 0, 0, 0, 0, 
0, 0, 0, 1, 0, 0, 1, 1, 0, 0, 0, 0, 0, 0, 0, 1, 1, 1, 1, 0, 0, 0, 0, 0 ])
KMatrixSpace(GF(2), 3, 11) ! Matrix(GF(2), 3, 11, \[ 1, 0, 0, 0, 0, 0, 0, 0, 0, 
0, 0, 0, 1, 0, 0, 1, 1, 1, 0, 0, 0, 0, 0, 0, 1, 1, 1, 1, 1, 0, 0, 0, 0 ])
KMatrixSpace(GF(2), 3, 11) ! Matrix(GF(2), 3, 11, \[ 1, 0, 0, 0, 0, 0, 0, 0, 0, 
0, 0, 0, 1, 0, 0, 1, 1, 1, 1, 0, 0, 0, 0, 0, 1, 1, 1, 1, 1, 1, 0, 0, 0 ])
KMatrixSpace(GF(2), 3, 11) ! Matrix(GF(2), 3, 11, \[ 1, 0, 0, 0, 0, 0, 0, 0, 0, 
0, 0, 0, 1, 0, 0, 1, 1, 1, 1, 1, 0, 0, 0, 0, 1, 1, 1, 1, 1, 1, 1, 0, 0 ])
KMatrixSpace(GF(2), 3, 11) ! Matrix(GF(2), 3, 11, \[ 1, 0, 0, 0, 0, 0, 0, 0, 0, 
0, 0, 0, 1, 0, 0, 1, 1, 1, 1, 1, 1, 0, 0, 0, 1, 1, 1, 1, 1, 1, 1, 1, 0 ])
KMatrixSpace(GF(2), 3, 11) ! Matrix(GF(2), 3, 11, \[ 1, 0, 0, 0, 0, 0, 0, 0, 0, 
0, 0, 0, 1, 0, 0, 1, 1, 1, 1, 1, 1, 1, 0, 0, 1, 1, 1, 1, 1, 1, 1, 1, 1 ])
KMatrixSpace(GF(2), 3, 11) ! Matrix(GF(2), 3, 11, \[ 1, 0, 0, 0, 0, 0, 0, 0, 0, 
0, 0, 0, 1, 0, 0, 0, 1, 1, 1, 0, 0, 0, 0, 0, 1, 1, 1, 1, 1, 1, 0, 0, 0 ])
KMatrixSpace(GF(2), 3, 11) ! Matrix(GF(2), 3, 11, \[ 1, 0, 0, 0, 0, 0, 0, 0, 0, 
0, 0, 0, 1, 1, 1, 1, 0, 0, 0, 0, 0, 0, 0, 0, 0, 0, 0, 1, 1, 1, 1, 0, 0 ])
KMatrixSpace(GF(2), 3, 11) ! Matrix(GF(2), 3, 11, \[ 1, 0, 0, 0, 0, 0, 0, 0, 0, 
0, 0, 0, 1, 1, 0, 0, 1, 1, 1, 1, 0, 0, 0, 0, 0, 1, 1, 1, 1, 1, 1, 0, 0 ])
KMatrixSpace(GF(2), 3, 11) ! Matrix(GF(2), 3, 11, \[ 1, 0, 0, 0, 0, 0, 0, 0, 0, 
0, 0, 0, 1, 0, 0, 0, 1, 1, 1, 1, 1, 0, 0, 0, 1, 1, 1, 1, 1, 1, 1, 1, 0 ])
KMatrixSpace(GF(2), 3, 11) ! Matrix(GF(2), 3, 11, \[ 1, 0, 0, 0, 0, 0, 0, 0, 0, 
0, 0, 0, 1, 1, 1, 1, 0, 0, 0, 0, 0, 0, 0, 0, 0, 0, 0, 1, 1, 1, 1, 1, 1 ])
KMatrixSpace(GF(2), 3, 11) ! Matrix(GF(2), 3, 11, \[ 1, 0, 0, 0, 0, 0, 0, 0, 0, 
0, 0, 0, 1, 1, 0, 0, 1, 1, 1, 1, 1, 1, 0, 0, 0, 1, 1, 1, 1, 1, 1, 1, 1 ])
KMatrixSpace(GF(2), 3, 11) ! Matrix(GF(2), 3, 11, \[ 1, 0, 0, 0, 0, 0, 0, 0, 0, 
0, 0, 0, 1, 0, 0, 0, 0, 1, 1, 1, 1, 0, 0, 0, 1, 1, 1, 1, 1, 1, 1, 1, 0 ])
KMatrixSpace(GF(2), 3, 11) ! Matrix(GF(2), 3, 11, \[ 1, 0, 0, 0, 0, 0, 0, 0, 0, 
0, 0, 0, 1, 1, 1, 1, 1, 0, 0, 0, 0, 0, 0, 0, 0, 0, 0, 0, 1, 1, 1, 1, 1 ])
KMatrixSpace(GF(2), 3, 11) ! Matrix(GF(2), 3, 11, \[ 1, 0, 0, 0, 0, 0, 0, 0, 0, 
0, 0, 0, 1, 1, 0, 0, 0, 1, 1, 1, 1, 1, 0, 0, 0, 1, 1, 1, 1, 1, 1, 1, 1 ])
KMatrixSpace(GF(2), 3, 11) ! Matrix(GF(2), 3, 11, \[ 1, 0, 0, 0, 0, 0, 0, 0, 0, 
0, 0, 0, 1, 1, 0, 0, 0, 0, 1, 1, 1, 1, 0, 0, 0, 1, 1, 1, 1, 1, 1, 1, 1 ])
KMatrixSpace(GF(2), 3, 11) ! Matrix(GF(2), 3, 11, \[ 1, 0, 0, 1, 0, 0, 0, 0, 0, 
0, 0, 0, 1, 0, 1, 0, 0, 0, 0, 0, 0, 0, 0, 0, 1, 1, 0, 0, 0, 0, 0, 0, 0 ])
KMatrixSpace(GF(2), 3, 11) ! Matrix(GF(2), 3, 11, \[ 1, 0, 0, 1, 1, 0, 0, 0, 0, 
0, 0, 0, 1, 0, 1, 1, 0, 0, 0, 0, 0, 0, 0, 0, 1, 1, 1, 0, 0, 0, 0, 0, 0 ])
KMatrixSpace(GF(2), 3, 11) ! Matrix(GF(2), 3, 11, \[ 1, 0, 0, 1, 1, 1, 0, 0, 0, 
0, 0, 0, 1, 0, 1, 1, 1, 0, 0, 0, 0, 0, 0, 0, 1, 1, 1, 1, 0, 0, 0, 0, 0 ])
KMatrixSpace(GF(2), 3, 11) ! Matrix(GF(2), 3, 11, \[ 1, 0, 0, 1, 1, 1, 1, 0, 0, 
0, 0, 0, 1, 0, 1, 1, 1, 1, 0, 0, 0, 0, 0, 0, 1, 1, 1, 1, 1, 0, 0, 0, 0 ])
KMatrixSpace(GF(2), 3, 11) ! Matrix(GF(2), 3, 11, \[ 1, 0, 0, 1, 1, 1, 1, 1, 0, 
0, 0, 0, 1, 0, 1, 1, 1, 1, 1, 0, 0, 0, 0, 0, 1, 1, 1, 1, 1, 1, 0, 0, 0 ])
KMatrixSpace(GF(2), 3, 11) ! Matrix(GF(2), 3, 11, \[ 1, 0, 0, 1, 1, 1, 1, 1, 1, 
0, 0, 0, 1, 0, 1, 1, 1, 1, 1, 1, 0, 0, 0, 0, 1, 1, 1, 1, 1, 1, 1, 0, 0 ])
KMatrixSpace(GF(2), 3, 11) ! Matrix(GF(2), 3, 11, \[ 1, 0, 0, 1, 1, 1, 1, 1, 1, 
1, 0, 0, 1, 0, 1, 1, 1, 1, 1, 1, 1, 0, 0, 0, 1, 1, 1, 1, 1, 1, 1, 1, 0 ])
KMatrixSpace(GF(2), 3, 11) ! Matrix(GF(2), 3, 11, \[ 1, 0, 0, 1, 1, 1, 1, 1, 1, 
1, 1, 0, 1, 0, 1, 1, 1, 1, 1, 1, 1, 1, 0, 0, 1, 1, 1, 1, 1, 1, 1, 1, 1 ])
KMatrixSpace(GF(2), 3, 11) ! Matrix(GF(2), 3, 11, \[ 1, 1, 0, 0, 0, 0, 0, 0, 0, 
0, 0, 0, 0, 1, 1, 0, 0, 0, 0, 0, 0, 0, 0, 0, 0, 0, 1, 1, 0, 0, 0, 0, 0 ])
KMatrixSpace(GF(2), 3, 11) ! Matrix(GF(2), 3, 11, \[ 1, 0, 0, 1, 1, 1, 0, 0, 0, 
0, 0, 0, 1, 0, 1, 1, 1, 0, 0, 0, 0, 0, 0, 0, 1, 1, 0, 0, 0, 0, 0, 0, 0 ])
KMatrixSpace(GF(2), 3, 11) ! Matrix(GF(2), 3, 11, \[ 1, 0, 0, 0, 1, 1, 1, 0, 0, 
0, 0, 0, 1, 0, 0, 1, 1, 1, 0, 0, 0, 0, 0, 0, 1, 1, 0, 0, 0, 0, 0, 0, 0 ])
KMatrixSpace(GF(2), 3, 11) ! Matrix(GF(2), 3, 11, \[ 1, 1, 0, 0, 0, 0, 0, 0, 0, 
0, 0, 0, 0, 1, 1, 0, 0, 0, 0, 0, 0, 0, 0, 0, 0, 0, 1, 1, 1, 1, 0, 0, 0 ])
KMatrixSpace(GF(2), 3, 11) ! Matrix(GF(2), 3, 11, \[ 1, 0, 0, 1, 1, 1, 1, 1, 0, 
0, 0, 0, 1, 0, 1, 1, 1, 1, 1, 0, 0, 0, 0, 0, 1, 1, 0, 0, 0, 0, 0, 0, 0 ])
KMatrixSpace(GF(2), 3, 11) ! Matrix(GF(2), 3, 11, \[ 1, 0, 0, 0, 1, 1, 1, 1, 1, 
0, 0, 0, 1, 0, 0, 1, 1, 1, 1, 1, 0, 0, 0, 0, 1, 1, 0, 0, 0, 0, 0, 0, 0 ])
KMatrixSpace(GF(2), 3, 11) ! Matrix(GF(2), 3, 11, \[ 1, 1, 0, 0, 0, 0, 0, 0, 0, 
0, 0, 0, 0, 1, 1, 0, 0, 0, 0, 0, 0, 0, 0, 0, 0, 0, 1, 1, 1, 1, 1, 1, 0 ])
KMatrixSpace(GF(2), 3, 11) ! Matrix(GF(2), 3, 11, \[ 1, 0, 0, 1, 1, 1, 1, 1, 1, 
1, 0, 0, 1, 0, 1, 1, 1, 1, 1, 1, 1, 0, 0, 0, 1, 1, 0, 0, 0, 0, 0, 0, 0 ])
KMatrixSpace(GF(2), 3, 11) ! Matrix(GF(2), 3, 11, \[ 1, 0, 0, 0, 1, 1, 1, 1, 1, 
1, 1, 0, 1, 0, 0, 1, 1, 1, 1, 1, 1, 1, 0, 0, 1, 1, 0, 0, 0, 0, 0, 0, 0 ])
KMatrixSpace(GF(2), 3, 11) ! Matrix(GF(2), 3, 11, \[ 1, 0, 0, 0, 1, 1, 0, 0, 0, 
0, 0, 0, 1, 0, 0, 1, 1, 0, 0, 0, 0, 0, 0, 0, 1, 1, 1, 1, 0, 0, 0, 0, 0 ])
KMatrixSpace(GF(2), 3, 11) ! Matrix(GF(2), 3, 11, \[ 1, 0, 1, 1, 0, 0, 0, 0, 0, 
0, 0, 0, 1, 1, 1, 0, 0, 0, 0, 0, 0, 0, 0, 0, 0, 0, 1, 1, 1, 0, 0, 0, 0 ])
KMatrixSpace(GF(2), 3, 11) ! Matrix(GF(2), 3, 11, \[ 1, 0, 0, 1, 1, 1, 1, 0, 0, 
0, 0, 0, 1, 0, 1, 1, 1, 1, 0, 0, 0, 0, 0, 0, 1, 0, 1, 1, 1, 0, 0, 0, 0 ])
KMatrixSpace(GF(2), 3, 11) ! Matrix(GF(2), 3, 11, \[ 1, 0, 0, 0, 1, 1, 1, 1, 0, 
0, 0, 0, 1, 0, 0, 1, 1, 1, 1, 0, 0, 0, 0, 0, 1, 1, 1, 1, 1, 1, 0, 0, 0 ])
KMatrixSpace(GF(2), 3, 11) ! Matrix(GF(2), 3, 11, \[ 1, 0, 1, 1, 0, 0, 0, 0, 0, 
0, 0, 0, 1, 1, 1, 0, 0, 0, 0, 0, 0, 0, 0, 0, 0, 0, 1, 1, 1, 1, 1, 0, 0 ])
KMatrixSpace(GF(2), 3, 11) ! Matrix(GF(2), 3, 11, \[ 1, 0, 0, 1, 1, 1, 1, 1, 1, 
0, 0, 0, 1, 0, 1, 1, 1, 1, 1, 1, 0, 0, 0, 0, 1, 0, 1, 1, 1, 1, 1, 0, 0 ])
KMatrixSpace(GF(2), 3, 11) ! Matrix(GF(2), 3, 11, \[ 1, 0, 0, 0, 1, 1, 1, 1, 1, 
1, 0, 0, 1, 0, 0, 1, 1, 1, 1, 1, 1, 0, 0, 0, 1, 1, 1, 1, 1, 1, 1, 1, 0 ])
KMatrixSpace(GF(2), 3, 11) ! Matrix(GF(2), 3, 11, \[ 1, 0, 1, 1, 0, 0, 0, 0, 0, 
0, 0, 0, 1, 1, 1, 0, 0, 0, 0, 0, 0, 0, 0, 0, 0, 0, 1, 1, 1, 1, 1, 1, 1 ])
KMatrixSpace(GF(2), 3, 11) ! Matrix(GF(2), 3, 11, \[ 1, 0, 0, 1, 1, 1, 1, 1, 1, 
1, 1, 0, 1, 0, 1, 1, 1, 1, 1, 1, 1, 1, 0, 0, 1, 0, 1, 1, 1, 1, 1, 1, 1 ])
KMatrixSpace(GF(2), 3, 11) ! Matrix(GF(2), 3, 11, \[ 1, 0, 0, 1, 1, 1, 1, 0, 0, 
0, 0, 0, 1, 0, 1, 1, 1, 1, 0, 0, 0, 0, 0, 0, 1, 1, 1, 0, 0, 0, 0, 0, 0 ])
KMatrixSpace(GF(2), 3, 11) ! Matrix(GF(2), 3, 11, \[ 1, 0, 0, 0, 0, 1, 1, 1, 0, 
0, 0, 0, 1, 0, 0, 0, 1, 1, 1, 0, 0, 0, 0, 0, 1, 1, 1, 0, 0, 0, 0, 0, 0 ])
KMatrixSpace(GF(2), 3, 11) ! Matrix(GF(2), 3, 11, \[ 1, 0, 0, 1, 1, 1, 1, 1, 0, 
0, 0, 0, 1, 0, 1, 1, 1, 1, 1, 0, 0, 0, 0, 0, 1, 1, 1, 0, 0, 0, 0, 0, 0 ])
KMatrixSpace(GF(2), 3, 11) ! Matrix(GF(2), 3, 11, \[ 1, 0, 0, 0, 0, 1, 1, 1, 1, 
0, 0, 0, 1, 0, 0, 0, 1, 1, 1, 1, 0, 0, 0, 0, 1, 1, 1, 0, 0, 0, 0, 0, 0 ])
KMatrixSpace(GF(2), 3, 11) ! Matrix(GF(2), 3, 11, \[ 1, 0, 0, 1, 1, 1, 1, 1, 1, 
0, 0, 0, 1, 0, 1, 1, 1, 1, 1, 1, 0, 0, 0, 0, 1, 1, 1, 0, 0, 0, 0, 0, 0 ])
KMatrixSpace(GF(2), 3, 11) ! Matrix(GF(2), 3, 11, \[ 1, 0, 0, 0, 0, 1, 1, 1, 1, 
1, 0, 0, 1, 0, 0, 0, 1, 1, 1, 1, 1, 0, 0, 0, 1, 1, 1, 0, 0, 0, 0, 0, 0 ])
KMatrixSpace(GF(2), 3, 11) ! Matrix(GF(2), 3, 11, \[ 1, 0, 0, 1, 1, 1, 1, 1, 1, 
1, 0, 0, 1, 0, 1, 1, 1, 1, 1, 1, 1, 0, 0, 0, 1, 1, 1, 0, 0, 0, 0, 0, 0 ])
KMatrixSpace(GF(2), 3, 11) ! Matrix(GF(2), 3, 11, \[ 1, 0, 0, 0, 0, 1, 1, 1, 1, 
1, 1, 0, 1, 0, 0, 0, 1, 1, 1, 1, 1, 1, 0, 0, 1, 1, 1, 0, 0, 0, 0, 0, 0 ])
KMatrixSpace(GF(2), 3, 11) ! Matrix(GF(2), 3, 11, \[ 1, 0, 0, 1, 1, 1, 1, 1, 1, 
1, 1, 0, 1, 0, 1, 1, 1, 1, 1, 1, 1, 1, 0, 0, 1, 1, 1, 0, 0, 0, 0, 0, 0 ])
KMatrixSpace(GF(2), 3, 11) ! Matrix(GF(2), 3, 11, \[ 1, 0, 0, 0, 0, 1, 1, 1, 0, 
0, 0, 0, 1, 0, 0, 0, 1, 1, 1, 0, 0, 0, 0, 0, 1, 1, 1, 1, 1, 1, 0, 0, 0 ])
KMatrixSpace(GF(2), 3, 11) ! Matrix(GF(2), 3, 11, \[ 1, 0, 1, 0, 0, 1, 1, 1, 0, 
0, 0, 0, 1, 1, 0, 0, 1, 1, 1, 0, 0, 0, 0, 0, 0, 1, 1, 1, 1, 1, 0, 0, 0 ])
KMatrixSpace(GF(2), 3, 11) ! Matrix(GF(2), 3, 11, \[ 1, 0, 0, 0, 0, 1, 1, 1, 1, 
0, 0, 0, 1, 0, 0, 0, 1, 1, 1, 1, 0, 0, 0, 0, 1, 1, 1, 1, 1, 1, 1, 0, 0 ])
KMatrixSpace(GF(2), 3, 11) ! Matrix(GF(2), 3, 11, \[ 1, 0, 1, 0, 0, 1, 1, 1, 1, 
0, 0, 0, 1, 1, 0, 0, 1, 1, 1, 1, 0, 0, 0, 0, 0, 1, 1, 1, 1, 1, 1, 0, 0 ])
KMatrixSpace(GF(2), 3, 11) ! Matrix(GF(2), 3, 11, \[ 1, 0, 0, 0, 0, 1, 1, 1, 1, 
1, 0, 0, 1, 0, 0, 0, 1, 1, 1, 1, 1, 0, 0, 0, 1, 1, 1, 1, 1, 1, 1, 1, 0 ])
KMatrixSpace(GF(2), 3, 11) ! Matrix(GF(2), 3, 11, \[ 1, 0, 1, 0, 0, 1, 1, 1, 1, 
1, 0, 0, 1, 1, 0, 0, 1, 1, 1, 1, 1, 0, 0, 0, 0, 1, 1, 1, 1, 1, 1, 1, 0 ])
KMatrixSpace(GF(2), 3, 11) ! Matrix(GF(2), 3, 11, \[ 1, 0, 0, 0, 0, 1, 1, 1, 1, 
1, 1, 0, 1, 0, 0, 0, 1, 1, 1, 1, 1, 1, 0, 0, 1, 1, 1, 1, 1, 1, 1, 1, 1 ])
KMatrixSpace(GF(2), 3, 11) ! Matrix(GF(2), 3, 11, \[ 1, 0, 1, 0, 0, 1, 1, 1, 1, 
1, 1, 0, 1, 1, 0, 0, 1, 1, 1, 1, 1, 1, 0, 0, 0, 1, 1, 1, 1, 1, 1, 1, 1 ])
KMatrixSpace(GF(2), 3, 11) ! Matrix(GF(2), 3, 11, \[ 1, 0, 0, 0, 1, 1, 1, 1, 0, 
0, 0, 0, 1, 0, 0, 1, 1, 1, 1, 0, 0, 0, 0, 0, 1, 1, 1, 1, 0, 0, 0, 0, 0 ])
KMatrixSpace(GF(2), 3, 11) ! Matrix(GF(2), 3, 11, \[ 1, 0, 0, 1, 1, 1, 1, 1, 1, 
0, 0, 0, 1, 0, 1, 1, 1, 1, 1, 1, 0, 0, 0, 0, 1, 1, 1, 1, 0, 0, 0, 0, 0 ])
KMatrixSpace(GF(2), 3, 11) ! Matrix(GF(2), 3, 11, \[ 1, 0, 0, 0, 1, 1, 1, 1, 1, 
0, 0, 0, 1, 0, 0, 1, 1, 1, 1, 1, 0, 0, 0, 0, 1, 1, 1, 1, 0, 0, 0, 0, 0 ])
KMatrixSpace(GF(2), 3, 11) ! Matrix(GF(2), 3, 11, \[ 1, 0, 0, 0, 0, 0, 1, 1, 1, 
1, 0, 0, 1, 0, 0, 0, 0, 1, 1, 1, 1, 0, 0, 0, 1, 1, 1, 1, 0, 0, 0, 0, 0 ])
KMatrixSpace(GF(2), 3, 11) ! Matrix(GF(2), 3, 11, \[ 1, 0, 0, 1, 1, 1, 1, 1, 1, 
1, 0, 0, 1, 0, 1, 1, 1, 1, 1, 1, 1, 0, 0, 0, 1, 1, 1, 1, 0, 0, 0, 0, 0 ])
KMatrixSpace(GF(2), 3, 11) ! Matrix(GF(2), 3, 11, \[ 1, 0, 0, 0, 1, 1, 1, 1, 1, 
1, 0, 0, 1, 0, 0, 1, 1, 1, 1, 1, 1, 0, 0, 0, 1, 1, 1, 1, 0, 0, 0, 0, 0 ])
KMatrixSpace(GF(2), 3, 11) ! Matrix(GF(2), 3, 11, \[ 1, 0, 0, 0, 0, 0, 1, 1, 1, 
1, 1, 0, 1, 0, 0, 0, 0, 1, 1, 1, 1, 1, 0, 0, 1, 1, 1, 1, 0, 0, 0, 0, 0 ])
KMatrixSpace(GF(2), 3, 11) ! Matrix(GF(2), 3, 11, \[ 1, 0, 0, 1, 1, 1, 1, 1, 1, 
1, 1, 0, 1, 0, 1, 1, 1, 1, 1, 1, 1, 1, 0, 0, 1, 1, 1, 1, 0, 0, 0, 0, 0 ])
KMatrixSpace(GF(2), 3, 11) ! Matrix(GF(2), 3, 11, \[ 1, 0, 0, 0, 1, 1, 1, 1, 1, 
1, 1, 0, 1, 0, 0, 1, 1, 1, 1, 1, 1, 1, 0, 0, 1, 1, 1, 1, 0, 0, 0, 0, 0 ])
KMatrixSpace(GF(2), 3, 11) ! Matrix(GF(2), 3, 11, \[ 1, 0, 0, 0, 1, 1, 1, 1, 1, 
0, 0, 0, 1, 0, 0, 1, 1, 1, 1, 1, 0, 0, 0, 0, 1, 1, 0, 0, 1, 1, 1, 0, 0 ])
KMatrixSpace(GF(2), 3, 11) ! Matrix(GF(2), 3, 11, \[ 1, 0, 0, 1, 1, 1, 1, 1, 1, 
1, 0, 0, 1, 0, 1, 1, 1, 1, 1, 1, 1, 0, 0, 0, 1, 0, 0, 0, 1, 1, 1, 1, 0 ])
KMatrixSpace(GF(2), 3, 11) ! Matrix(GF(2), 3, 11, \[ 1, 0, 0, 0, 1, 1, 1, 1, 1, 
1, 0, 0, 1, 0, 0, 1, 1, 1, 1, 1, 1, 0, 0, 0, 1, 1, 0, 0, 1, 1, 1, 1, 0 ])
KMatrixSpace(GF(2), 3, 11) ! Matrix(GF(2), 3, 11, \[ 1, 0, 0, 0, 0, 0, 1, 1, 1, 
1, 1, 0, 1, 0, 0, 0, 0, 1, 1, 1, 1, 1, 0, 0, 1, 1, 1, 1, 1, 1, 1, 1, 1 ])
KMatrixSpace(GF(2), 3, 11) ! Matrix(GF(2), 3, 11, \[ 1, 0, 1, 0, 0, 0, 1, 1, 1, 
1, 1, 0, 1, 1, 0, 0, 0, 1, 1, 1, 1, 1, 0, 0, 0, 1, 1, 1, 1, 1, 1, 1, 1 ])
KMatrixSpace(GF(2), 3, 11) ! Matrix(GF(2), 3, 11, \[ 1, 1, 0, 0, 0, 0, 0, 0, 0, 
0, 0, 0, 0, 1, 1, 0, 0, 0, 1, 1, 1, 0, 0, 0, 0, 0, 1, 1, 1, 1, 1, 1, 0 ])
KMatrixSpace(GF(2), 3, 11) ! Matrix(GF(2), 3, 11, \[ 1, 1, 0, 0, 0, 0, 0, 0, 0, 
0, 0, 0, 0, 1, 0, 0, 0, 0, 1, 1, 1, 1, 0, 0, 0, 1, 1, 1, 1, 1, 1, 1, 1 ])
KMatrixSpace(GF(2), 3, 11) ! Matrix(GF(2), 3, 11, \[ 1, 1, 0, 0, 0, 0, 0, 0, 0, 
0, 0, 0, 0, 1, 1, 0, 0, 0, 1, 1, 1, 1, 0, 0, 0, 0, 1, 1, 1, 1, 1, 1, 1 ])
KMatrixSpace(GF(2), 3, 11) ! Matrix(GF(2), 3, 11, \[ 1, 0, 1, 1, 0, 0, 0, 1, 1, 
1, 0, 0, 1, 1, 1, 0, 0, 0, 1, 1, 1, 0, 0, 0, 0, 0, 1, 1, 1, 1, 1, 1, 0 ])
KMatrixSpace(GF(2), 3, 11) ! Matrix(GF(2), 3, 11, \[ 1, 0, 0, 0, 1, 1, 1, 1, 1, 
1, 1, 0, 1, 0, 0, 1, 1, 1, 1, 1, 1, 1, 0, 0, 1, 1, 0, 0, 0, 1, 1, 1, 1 ])
KMatrixSpace(GF(2), 3, 11) ! Matrix(GF(2), 3, 11, \[ 1, 1, 0, 0, 0, 0, 0, 0, 0, 
0, 0, 0, 0, 1, 1, 1, 0, 0, 0, 1, 1, 1, 0, 0, 0, 0, 0, 1, 1, 1, 1, 1, 1 ])
KMatrixSpace(GF(2), 3, 11) ! Matrix(GF(2), 3, 11, \[ 1, 0, 0, 1, 1, 0, 0, 0, 0, 
0, 0, 0, 1, 0, 1, 0, 1, 0, 0, 0, 0, 0, 0, 0, 1, 0, 1, 1, 0, 0, 0, 0, 0 ])
KMatrixSpace(GF(2), 3, 11) ! Matrix(GF(2), 3, 11, \[ 1, 0, 0, 1, 1, 0, 0, 0, 0, 
0, 0, 0, 1, 0, 0, 0, 1, 1, 0, 0, 0, 0, 0, 0, 1, 1, 1, 1, 1, 0, 0, 0, 0 ])
KMatrixSpace(GF(2), 3, 11) ! Matrix(GF(2), 3, 11, \[ 1, 0, 0, 1, 1, 0, 0, 0, 0, 
0, 0, 0, 1, 1, 1, 1, 0, 0, 0, 0, 0, 0, 0, 0, 0, 0, 0, 1, 1, 1, 0, 0, 0 ])
KMatrixSpace(GF(2), 3, 11) ! Matrix(GF(2), 3, 11, \[ 1, 0, 0, 1, 1, 0, 0, 0, 0, 
0, 0, 0, 1, 0, 0, 0, 1, 1, 1, 0, 0, 0, 0, 0, 1, 1, 1, 1, 1, 1, 0, 0, 0 ])
KMatrixSpace(GF(2), 3, 11) ! Matrix(GF(2), 3, 11, \[ 1, 0, 0, 1, 1, 0, 0, 0, 0, 
0, 0, 0, 1, 1, 1, 1, 0, 0, 0, 0, 0, 0, 0, 0, 0, 0, 0, 1, 1, 1, 1, 0, 0 ])
KMatrixSpace(GF(2), 3, 11) ! Matrix(GF(2), 3, 11, \[ 1, 0, 0, 1, 1, 0, 0, 0, 0, 
0, 0, 0, 1, 0, 0, 0, 1, 1, 1, 1, 0, 0, 0, 0, 1, 1, 1, 1, 1, 1, 1, 0, 0 ])
KMatrixSpace(GF(2), 3, 11) ! Matrix(GF(2), 3, 11, \[ 1, 0, 0, 1, 1, 0, 0, 0, 0, 
0, 0, 0, 1, 1, 1, 1, 0, 0, 0, 0, 0, 0, 0, 0, 0, 0, 0, 1, 1, 1, 1, 1, 0 ])
KMatrixSpace(GF(2), 3, 11) ! Matrix(GF(2), 3, 11, \[ 1, 0, 0, 1, 1, 0, 0, 0, 0, 
0, 0, 0, 1, 0, 0, 0, 1, 1, 1, 1, 1, 0, 0, 0, 1, 1, 1, 1, 1, 1, 1, 1, 0 ])
KMatrixSpace(GF(2), 3, 11) ! Matrix(GF(2), 3, 11, \[ 1, 0, 0, 1, 1, 0, 0, 0, 0, 
0, 0, 0, 1, 1, 1, 1, 0, 0, 0, 0, 0, 0, 0, 0, 0, 0, 0, 1, 1, 1, 1, 1, 1 ])
KMatrixSpace(GF(2), 3, 11) ! Matrix(GF(2), 3, 11, \[ 1, 0, 0, 1, 1, 0, 0, 0, 0, 
0, 0, 0, 1, 0, 0, 0, 1, 1, 1, 1, 1, 1, 0, 0, 1, 1, 1, 1, 1, 1, 1, 1, 1 ])
KMatrixSpace(GF(2), 3, 11) ! Matrix(GF(2), 3, 11, \[ 1, 0, 0, 0, 1, 1, 1, 1, 0, 
0, 0, 0, 1, 1, 0, 1, 1, 1, 1, 0, 0, 0, 0, 0, 0, 1, 1, 1, 0, 0, 0, 0, 0 ])
KMatrixSpace(GF(2), 3, 11) ! Matrix(GF(2), 3, 11, \[ 1, 0, 0, 0, 0, 0, 1, 1, 1, 
0, 0, 0, 1, 1, 0, 0, 0, 1, 1, 1, 0, 0, 0, 0, 0, 1, 1, 1, 0, 0, 0, 0, 0 ])
KMatrixSpace(GF(2), 3, 11) ! Matrix(GF(2), 3, 11, \[ 1, 1, 1, 0, 0, 0, 0, 0, 0, 
0, 0, 0, 0, 0, 1, 1, 1, 0, 0, 0, 0, 0, 0, 0, 0, 0, 0, 0, 1, 1, 1, 1, 0 ])
KMatrixSpace(GF(2), 3, 11) ! Matrix(GF(2), 3, 11, \[ 1, 0, 0, 0, 1, 1, 1, 1, 1, 
1, 0, 0, 1, 1, 0, 1, 1, 1, 1, 1, 1, 0, 0, 0, 0, 1, 1, 1, 0, 0, 0, 0, 0 ])
KMatrixSpace(GF(2), 3, 11) ! Matrix(GF(2), 3, 11, \[ 1, 0, 0, 0, 0, 0, 1, 1, 1, 
1, 1, 0, 1, 1, 0, 0, 0, 1, 1, 1, 1, 1, 0, 0, 0, 1, 1, 1, 0, 0, 0, 0, 0 ])
KMatrixSpace(GF(2), 3, 11) ! Matrix(GF(2), 3, 11, \[ 1, 0, 0, 1, 0, 0, 1, 1, 0, 
0, 0, 0, 1, 1, 1, 0, 0, 1, 1, 0, 0, 0, 0, 0, 0, 0, 1, 1, 1, 1, 0, 0, 0 ])
KMatrixSpace(GF(2), 3, 11) ! Matrix(GF(2), 3, 11, \[ 1, 0, 0, 0, 0, 0, 1, 1, 1, 
0, 0, 0, 1, 1, 0, 0, 0, 1, 1, 1, 0, 0, 0, 0, 0, 1, 1, 1, 1, 1, 1, 0, 0 ])
KMatrixSpace(GF(2), 3, 11) ! Matrix(GF(2), 3, 11, \[ 1, 0, 0, 0, 1, 1, 1, 1, 1, 
0, 0, 0, 1, 1, 0, 1, 1, 1, 1, 1, 0, 0, 0, 0, 0, 1, 0, 0, 1, 1, 1, 0, 0 ])
KMatrixSpace(GF(2), 3, 11) ! Matrix(GF(2), 3, 11, \[ 1, 0, 0, 1, 1, 1, 0, 0, 0, 
0, 0, 0, 1, 0, 1, 0, 0, 1, 1, 1, 0, 0, 0, 0, 1, 0, 1, 1, 1, 1, 1, 0, 0 ])
KMatrixSpace(GF(2), 3, 11) ! Matrix(GF(2), 3, 11, \[ 1, 0, 0, 0, 0, 0, 1, 1, 1, 
1, 0, 0, 1, 1, 0, 0, 0, 1, 1, 1, 1, 0, 0, 0, 0, 1, 1, 1, 1, 1, 1, 1, 0 ])
KMatrixSpace(GF(2), 3, 11) ! Matrix(GF(2), 3, 11, \[ 1, 0, 0, 0, 1, 1, 1, 1, 1, 
1, 0, 0, 1, 1, 0, 1, 1, 1, 1, 1, 1, 0, 0, 0, 0, 1, 0, 0, 1, 1, 1, 1, 0 ])
KMatrixSpace(GF(2), 3, 11) ! Matrix(GF(2), 3, 11, \[ 1, 0, 0, 1, 1, 1, 0, 0, 0, 
0, 0, 0, 1, 0, 1, 0, 0, 1, 1, 1, 1, 0, 0, 0, 1, 0, 1, 1, 1, 1, 1, 1, 0 ])
KMatrixSpace(GF(2), 3, 11) ! Matrix(GF(2), 3, 11, \[ 1, 0, 0, 0, 0, 0, 1, 1, 1, 
1, 1, 0, 1, 1, 0, 0, 0, 1, 1, 1, 1, 1, 0, 0, 0, 1, 1, 1, 1, 1, 1, 1, 1 ])
KMatrixSpace(GF(2), 3, 11) ! Matrix(GF(2), 3, 11, \[ 1, 0, 0, 0, 1, 1, 1, 1, 1, 
1, 1, 0, 1, 1, 0, 1, 1, 1, 1, 1, 1, 1, 0, 0, 0, 1, 0, 0, 1, 1, 1, 1, 1 ])
KMatrixSpace(GF(2), 3, 11) ! Matrix(GF(2), 3, 11, \[ 1, 0, 0, 1, 1, 1, 0, 0, 0, 
0, 0, 0, 1, 0, 1, 0, 0, 1, 1, 1, 1, 1, 0, 0, 1, 0, 1, 1, 1, 1, 1, 1, 1 ])
KMatrixSpace(GF(2), 3, 11) ! Matrix(GF(2), 3, 11, \[ 1, 0, 0, 0, 0, 1, 1, 1, 1, 
0, 0, 0, 1, 1, 0, 0, 1, 1, 1, 1, 0, 0, 0, 0, 0, 1, 1, 1, 1, 0, 0, 0, 0 ])
KMatrixSpace(GF(2), 3, 11) ! Matrix(GF(2), 3, 11, \[ 1, 0, 0, 0, 1, 1, 1, 1, 1, 
1, 0, 0, 1, 1, 0, 1, 1, 1, 1, 1, 1, 0, 0, 0, 0, 1, 1, 1, 1, 0, 0, 0, 0 ])
KMatrixSpace(GF(2), 3, 11) ! Matrix(GF(2), 3, 11, \[ 1, 0, 0, 0, 0, 1, 1, 1, 1, 
1, 0, 0, 1, 1, 0, 0, 1, 1, 1, 1, 1, 0, 0, 0, 0, 1, 1, 1, 1, 0, 0, 0, 0 ])
KMatrixSpace(GF(2), 3, 11) ! Matrix(GF(2), 3, 11, \[ 1, 0, 0, 0, 0, 0, 0, 1, 1, 
1, 1, 0, 1, 1, 0, 0, 0, 0, 1, 1, 1, 1, 0, 0, 0, 1, 1, 1, 1, 0, 0, 0, 0 ])
KMatrixSpace(GF(2), 3, 11) ! Matrix(GF(2), 3, 11, \[ 1, 0, 0, 0, 1, 1, 1, 1, 1, 
1, 1, 0, 1, 1, 0, 1, 1, 1, 1, 1, 1, 1, 0, 0, 0, 1, 1, 1, 1, 0, 0, 0, 0 ])
KMatrixSpace(GF(2), 3, 11) ! Matrix(GF(2), 3, 11, \[ 1, 0, 0, 0, 0, 1, 1, 1, 1, 
1, 1, 0, 1, 1, 0, 0, 1, 1, 1, 1, 1, 1, 0, 0, 0, 1, 1, 1, 1, 0, 0, 0, 0 ])
KMatrixSpace(GF(2), 3, 11) ! Matrix(GF(2), 3, 11, \[ 1, 0, 0, 1, 0, 0, 0, 1, 1, 
1, 0, 0, 1, 1, 1, 0, 0, 0, 1, 1, 1, 0, 0, 0, 0, 0, 1, 1, 1, 1, 1, 1, 0 ])
KMatrixSpace(GF(2), 3, 11) ! Matrix(GF(2), 3, 11, \[ 1, 0, 0, 0, 0, 1, 1, 1, 1, 
1, 0, 0, 1, 1, 0, 0, 1, 1, 1, 1, 1, 0, 0, 0, 0, 1, 1, 0, 0, 1, 1, 1, 0 ])
KMatrixSpace(GF(2), 3, 11) ! Matrix(GF(2), 3, 11, \[ 1, 0, 0, 0, 0, 0, 0, 1, 1, 
1, 1, 0, 1, 1, 0, 0, 0, 0, 1, 1, 1, 1, 0, 0, 0, 1, 1, 1, 1, 1, 1, 1, 1 ])
KMatrixSpace(GF(2), 3, 11) ! Matrix(GF(2), 3, 11, \[ 1, 0, 0, 0, 1, 1, 1, 1, 1, 
1, 1, 0, 1, 1, 0, 1, 1, 1, 1, 1, 1, 1, 0, 0, 0, 1, 0, 0, 0, 1, 1, 1, 1 ])
KMatrixSpace(GF(2), 3, 11) ! Matrix(GF(2), 3, 11, \[ 1, 0, 0, 1, 1, 1, 1, 0, 0, 
0, 0, 0, 1, 0, 1, 0, 0, 0, 1, 1, 1, 1, 0, 0, 1, 0, 1, 1, 1, 1, 1, 1, 1 ])
KMatrixSpace(GF(2), 3, 11) ! Matrix(GF(2), 3, 11, \[ 1, 0, 0, 1, 1, 1, 1, 0, 0, 
0, 0, 0, 1, 0, 1, 1, 0, 0, 1, 1, 1, 1, 0, 0, 1, 0, 0, 1, 1, 1, 1, 1, 1 ])
KMatrixSpace(GF(2), 3, 11) ! Matrix(GF(2), 3, 11, \[ 1, 0, 0, 0, 0, 1, 1, 1, 1, 
1, 1, 0, 1, 1, 0, 0, 1, 1, 1, 1, 1, 1, 0, 0, 0, 1, 1, 1, 1, 1, 0, 0, 0 ])
KMatrixSpace(GF(2), 3, 11) ! Matrix(GF(2), 3, 11, \[ 1, 0, 0, 1, 1, 1, 1, 1, 0, 
0, 0, 0, 1, 0, 1, 1, 0, 0, 0, 1, 1, 1, 0, 0, 1, 0, 0, 1, 1, 1, 1, 1, 1 ])
KMatrixSpace(GF(2), 3, 11) ! Matrix(GF(2), 3, 11, \[ 1, 1, 0, 0, 0, 0, 1, 1, 0, 
0, 0, 0, 0, 1, 1, 0, 0, 1, 1, 0, 0, 0, 0, 0, 0, 0, 1, 1, 1, 1, 0, 0, 0 ])
KMatrixSpace(GF(2), 3, 11) ! Matrix(GF(2), 3, 11, \[ 1, 0, 0, 1, 0, 1, 1, 1, 0, 
0, 0, 0, 1, 0, 1, 1, 0, 1, 1, 0, 0, 0, 0, 0, 1, 1, 1, 1, 0, 0, 0, 0, 0 ])
KMatrixSpace(GF(2), 3, 11) ! Matrix(GF(2), 3, 11, \[ 1, 1, 0, 0, 0, 0, 1, 1, 1, 
0, 0, 0, 0, 1, 1, 0, 0, 1, 1, 1, 0, 0, 0, 0, 0, 0, 1, 1, 1, 1, 1, 0, 0 ])
KMatrixSpace(GF(2), 3, 11) ! Matrix(GF(2), 3, 11, \[ 1, 0, 0, 1, 0, 1, 1, 1, 1, 
0, 0, 0, 1, 0, 1, 1, 0, 1, 1, 1, 0, 0, 0, 0, 1, 1, 1, 1, 0, 0, 0, 0, 0 ])
KMatrixSpace(GF(2), 3, 11) ! Matrix(GF(2), 3, 11, \[ 1, 0, 0, 0, 0, 0, 1, 1, 1, 
1, 0, 0, 1, 0, 0, 1, 1, 1, 1, 1, 1, 0, 0, 0, 1, 1, 1, 1, 0, 0, 0, 0, 0 ])
KMatrixSpace(GF(2), 3, 11) ! Matrix(GF(2), 3, 11, \[ 1, 0, 0, 1, 1, 1, 1, 1, 1, 
1, 0, 0, 1, 0, 1, 0, 0, 1, 1, 1, 1, 0, 0, 0, 1, 1, 1, 1, 0, 0, 0, 0, 0 ])
KMatrixSpace(GF(2), 3, 11) ! Matrix(GF(2), 3, 11, \[ 1, 1, 0, 0, 1, 1, 0, 0, 0, 
0, 0, 0, 0, 1, 1, 1, 1, 0, 0, 0, 0, 0, 0, 0, 0, 0, 0, 0, 1, 1, 1, 1, 1 ])
KMatrixSpace(GF(2), 3, 11) ! Matrix(GF(2), 3, 11, \[ 1, 1, 0, 0, 0, 0, 1, 1, 1, 
1, 1, 0, 0, 1, 1, 0, 0, 1, 1, 1, 1, 1, 0, 0, 0, 0, 1, 1, 1, 1, 1, 1, 1 ])
KMatrixSpace(GF(2), 3, 11) ! Matrix(GF(2), 3, 11, \[ 1, 0, 0, 1, 0, 1, 1, 1, 1, 
1, 1, 0, 1, 0, 1, 1, 0, 1, 1, 1, 1, 1, 0, 0, 1, 1, 1, 1, 0, 0, 0, 0, 0 ])
KMatrixSpace(GF(2), 3, 11) ! Matrix(GF(2), 3, 11, \[ 1, 0, 0, 0, 1, 1, 1, 0, 0, 
0, 0, 0, 1, 0, 0, 0, 1, 1, 1, 1, 0, 0, 0, 0, 1, 1, 1, 0, 0, 1, 1, 0, 0 ])
KMatrixSpace(GF(2), 3, 11) ! Matrix(GF(2), 3, 11, \[ 1, 0, 0, 0, 1, 1, 1, 0, 0, 
0, 0, 0, 1, 0, 0, 0, 0, 0, 1, 1, 1, 0, 0, 0, 1, 1, 1, 1, 1, 1, 1, 1, 0 ])
KMatrixSpace(GF(2), 3, 11) ! Matrix(GF(2), 3, 11, \[ 1, 0, 0, 0, 1, 1, 1, 0, 0, 
0, 0, 0, 1, 0, 0, 1, 0, 0, 1, 1, 1, 0, 0, 0, 1, 1, 0, 1, 1, 1, 1, 1, 0 ])
KMatrixSpace(GF(2), 3, 11) ! Matrix(GF(2), 3, 11, \[ 1, 0, 0, 0, 1, 1, 1, 0, 0, 
0, 0, 0, 1, 1, 1, 1, 1, 1, 0, 0, 0, 0, 0, 0, 0, 0, 0, 0, 0, 1, 1, 1, 1 ])
KMatrixSpace(GF(2), 3, 11) ! Matrix(GF(2), 3, 11, \[ 1, 0, 0, 0, 1, 1, 1, 0, 0, 
0, 0, 0, 1, 0, 0, 0, 0, 0, 1, 1, 1, 1, 0, 0, 1, 1, 1, 1, 1, 1, 1, 1, 1 ])
KMatrixSpace(GF(2), 3, 11) ! Matrix(GF(2), 3, 11, \[ 1, 0, 0, 0, 1, 1, 1, 0, 0, 
0, 0, 0, 1, 0, 0, 1, 0, 0, 1, 1, 1, 1, 0, 0, 1, 1, 0, 1, 1, 1, 1, 1, 1 ])
KMatrixSpace(GF(2), 3, 11) ! Matrix(GF(2), 3, 11, \[ 1, 1, 0, 0, 1, 0, 0, 1, 1, 
0, 0, 0, 0, 1, 1, 1, 0, 0, 1, 1, 0, 0, 0, 0, 0, 0, 0, 1, 1, 1, 1, 0, 0 ])
KMatrixSpace(GF(2), 3, 11) ! Matrix(GF(2), 3, 11, \[ 1, 1, 0, 0, 0, 0, 0, 1, 1, 
1, 0, 0, 0, 1, 1, 0, 0, 0, 1, 1, 1, 0, 0, 0, 0, 0, 1, 1, 1, 1, 1, 1, 0 ])
KMatrixSpace(GF(2), 3, 11) ! Matrix(GF(2), 3, 11, \[ 1, 1, 0, 0, 0, 1, 1, 1, 1, 
1, 0, 0, 0, 1, 1, 0, 1, 1, 1, 1, 1, 0, 0, 0, 0, 0, 1, 0, 0, 1, 1, 1, 0 ])
KMatrixSpace(GF(2), 3, 11) ! Matrix(GF(2), 3, 11, \[ 1, 1, 0, 0, 1, 0, 0, 1, 1, 
1, 0, 0, 0, 1, 1, 1, 0, 0, 1, 1, 1, 0, 0, 0, 0, 0, 0, 1, 1, 1, 1, 1, 0 ])
KMatrixSpace(GF(2), 3, 11) ! Matrix(GF(2), 3, 11, \[ 1, 1, 0, 0, 1, 1, 1, 0, 0, 
0, 0, 0, 0, 1, 1, 1, 1, 1, 0, 0, 0, 0, 0, 0, 0, 0, 0, 0, 0, 1, 1, 1, 1 ])
KMatrixSpace(GF(2), 3, 11) ! Matrix(GF(2), 3, 11, \[ 1, 1, 0, 0, 0, 0, 0, 1, 1, 
1, 1, 0, 0, 1, 1, 0, 0, 0, 1, 1, 1, 1, 0, 0, 0, 0, 1, 1, 1, 1, 1, 1, 1 ])
KMatrixSpace(GF(2), 3, 11) ! Matrix(GF(2), 3, 11, \[ 1, 1, 0, 0, 0, 1, 1, 1, 1, 
1, 1, 0, 0, 1, 1, 0, 1, 1, 1, 1, 1, 1, 0, 0, 0, 0, 1, 0, 0, 1, 1, 1, 1 ])
KMatrixSpace(GF(2), 3, 11) ! Matrix(GF(2), 3, 11, \[ 1, 1, 0, 0, 1, 0, 0, 1, 1, 
1, 1, 0, 0, 1, 1, 1, 0, 0, 1, 1, 1, 1, 0, 0, 0, 0, 0, 1, 1, 1, 1, 1, 1 ])
KMatrixSpace(GF(2), 3, 11) ! Matrix(GF(2), 3, 11, \[ 1, 1, 0, 0, 0, 0, 1, 1, 1, 
1, 0, 0, 0, 1, 1, 0, 0, 1, 1, 1, 1, 0, 0, 0, 0, 0, 1, 1, 1, 1, 0, 0, 0 ])
KMatrixSpace(GF(2), 3, 11) ! Matrix(GF(2), 3, 11, \[ 1, 1, 0, 0, 0, 1, 1, 1, 1, 
1, 1, 0, 0, 1, 1, 0, 1, 1, 1, 1, 1, 1, 0, 0, 0, 0, 1, 1, 1, 1, 0, 0, 0 ])
KMatrixSpace(GF(2), 3, 11) ! Matrix(GF(2), 3, 11, \[ 1, 0, 0, 0, 1, 1, 1, 1, 0, 
0, 0, 0, 1, 0, 0, 1, 1, 0, 0, 1, 1, 0, 0, 0, 1, 1, 0, 0, 1, 1, 1, 1, 0 ])
KMatrixSpace(GF(2), 3, 11) ! Matrix(GF(2), 3, 11, \[ 1, 0, 0, 0, 1, 1, 1, 1, 0, 
0, 0, 0, 1, 0, 0, 1, 0, 0, 0, 1, 1, 1, 0, 0, 1, 1, 0, 1, 1, 1, 1, 1, 1 ])
KMatrixSpace(GF(2), 3, 11) ! Matrix(GF(2), 3, 11, \[ 1, 0, 0, 0, 0, 0, 1, 1, 1, 
1, 1, 0, 1, 1, 1, 0, 0, 1, 1, 1, 1, 1, 0, 0, 0, 0, 1, 1, 0, 0, 1, 1, 1 ])
KMatrixSpace(GF(2), 3, 11) ! Matrix(GF(2), 3, 11, \[ 1, 0, 0, 1, 0, 0, 1, 1, 1, 
1, 0, 0, 1, 0, 1, 1, 1, 0, 0, 1, 1, 0, 0, 0, 1, 1, 1, 1, 1, 1, 0, 0, 0 ])
KMatrixSpace(GF(2), 3, 11) ! Matrix(GF(2), 3, 11, \[ 1, 0, 0, 1, 0, 1, 1, 1, 1, 
1, 1, 0, 1, 0, 1, 1, 0, 0, 0, 1, 1, 1, 0, 0, 1, 1, 1, 1, 1, 1, 0, 0, 0 ])
KMatrixSpace(GF(2), 3, 11) ! Matrix(GF(2), 3, 11, \[ 1, 0, 0, 0, 1, 1, 0, 0, 1, 
1, 1, 0, 1, 0, 0, 0, 0, 1, 1, 1, 1, 1, 0, 0, 1, 1, 1, 1, 1, 1, 0, 0, 0 ])
KMatrixSpace(GF(2), 3, 11) ! Matrix(GF(2), 3, 11, \[ 1, 0, 0, 1, 1, 0, 1, 1, 1, 
1, 0, 0, 1, 0, 1, 1, 1, 0, 0, 1, 1, 0, 0, 0, 1, 1, 1, 1, 1, 1, 0, 0, 0 ])
KMatrixSpace(GF(2), 3, 11) ! Matrix(GF(2), 3, 11, \[ 1, 1, 0, 0, 0, 0, 0, 0, 1, 
1, 1, 0, 0, 1, 1, 1, 0, 0, 0, 1, 1, 1, 0, 0, 0, 0, 0, 1, 1, 1, 1, 1, 1 ])
KMatrixSpace(GF(2), 3, 11) ! Matrix(GF(2), 3, 11, \[ 1, 1, 0, 0, 0, 1, 1, 1, 0, 
0, 0, 0, 0, 1, 0, 0, 1, 1, 1, 1, 1, 1, 0, 0, 0, 1, 1, 0, 0, 0, 1, 1, 1 ])
KMatrixSpace(GF(2), 3, 11) ! Matrix(GF(2), 3, 11, \[ 1, 0, 0, 1, 1, 0, 1, 1, 1, 
1, 1, 0, 1, 0, 1, 1, 1, 0, 0, 1, 1, 1, 0, 0, 1, 1, 1, 1, 1, 1, 0, 0, 0 ])
KMatrixSpace(GF(2), 3, 11) ! Matrix(GF(2), 3, 11, \[ 1, 0, 0, 0, 0, 1, 1, 1, 1, 
0, 0, 0, 1, 1, 0, 0, 1, 1, 0, 0, 1, 1, 0, 0, 0, 1, 1, 0, 0, 1, 1, 1, 1 ])
KMatrixSpace(GF(2), 3, 11) ! Matrix(GF(2), 3, 11, \[ 1, 1, 0, 0, 1, 1, 0, 1, 1, 
1, 1, 0, 0, 1, 0, 1, 1, 1, 0, 0, 1, 1, 0, 0, 0, 1, 1, 1, 1, 1, 1, 0, 0 ])
\[ 11, 3 ]
[ KMatrixSpace(GF(2), 3, 11) |
    [ GF(2) | 1, 0, 0, 0, 0, 0, 0, 0, 0, 0, 0, 0, 1, 0, 0, 0, 0, 0, 0, 0, 0, 0, 
    0, 0, 1, 0, 0, 0, 0, 0, 0, 0, 0 ],

    [ GF(2) | 1, 0, 0, 0, 0, 0, 0, 0, 0, 0, 0, 0, 1, 0, 0, 0, 0, 0, 0, 0, 0, 0, 
    0, 0, 1, 1, 0, 0, 0, 0, 0, 0, 0 ],

    [ GF(2) | 1, 0, 0, 0, 0, 0, 0, 0, 0, 0, 0, 0, 1, 0, 0, 0, 0, 0, 0, 0, 0, 0, 
    0, 0, 1, 1, 1, 0, 0, 0, 0, 0, 0 ],

    [ GF(2) | 1, 0, 0, 0, 0, 0, 0, 0, 0, 0, 0, 0, 1, 0, 0, 0, 0, 0, 0, 0, 0, 0, 
    0, 0, 1, 1, 1, 1, 0, 0, 0, 0, 0 ],

    [ GF(2) | 1, 0, 0, 0, 0, 0, 0, 0, 0, 0, 0, 0, 1, 0, 0, 0, 0, 0, 0, 0, 0, 0, 
    0, 0, 1, 1, 1, 1, 1, 0, 0, 0, 0 ],

    [ GF(2) | 1, 0, 0, 0, 0, 0, 0, 0, 0, 0, 0, 0, 1, 0, 0, 0, 0, 0, 0, 0, 0, 0, 
    0, 0, 1, 1, 1, 1, 1, 1, 0, 0, 0 ],

    [ GF(2) | 1, 0, 0, 0, 0, 0, 0, 0, 0, 0, 0, 0, 1, 0, 0, 0, 0, 0, 0, 0, 0, 0, 
    0, 0, 1, 1, 1, 1, 1, 1, 1, 0, 0 ],

    [ GF(2) | 1, 0, 0, 0, 0, 0, 0, 0, 0, 0, 0, 0, 1, 0, 0, 0, 0, 0, 0, 0, 0, 0, 
    0, 0, 1, 1, 1, 1, 1, 1, 1, 1, 0 ],

    [ GF(2) | 1, 0, 0, 0, 0, 0, 0, 0, 0, 0, 0, 0, 1, 0, 0, 0, 0, 0, 0, 0, 0, 0, 
    0, 0, 1, 1, 1, 1, 1, 1, 1, 1, 1 ],

    [ GF(2) | 1, 0, 0, 0, 0, 0, 0, 0, 0, 0, 0, 0, 1, 0, 1, 0, 0, 0, 0, 0, 0, 0, 
    0, 0, 1, 1, 0, 0, 0, 0, 0, 0, 0 ],

    [ GF(2) | 1, 0, 0, 0, 0, 0, 0, 0, 0, 0, 0, 0, 1, 1, 0, 0, 0, 0, 0, 0, 0, 0, 
    0, 0, 0, 1, 1, 0, 0, 0, 0, 0, 0 ],

    [ GF(2) | 1, 0, 0, 0, 0, 0, 0, 0, 0, 0, 0, 0, 1, 0, 1, 1, 0, 0, 0, 0, 0, 0, 
    0, 0, 1, 1, 1, 0, 0, 0, 0, 0, 0 ],

    [ GF(2) | 1, 0, 0, 0, 0, 0, 0, 0, 0, 0, 0, 0, 1, 1, 0, 0, 0, 0, 0, 0, 0, 0, 
    0, 0, 0, 1, 1, 1, 0, 0, 0, 0, 0 ],

    [ GF(2) | 1, 0, 0, 0, 0, 0, 0, 0, 0, 0, 0, 0, 1, 0, 1, 1, 1, 0, 0, 0, 0, 0, 
    0, 0, 1, 1, 1, 1, 0, 0, 0, 0, 0 ],

    [ GF(2) | 1, 0, 0, 0, 0, 0, 0, 0, 0, 0, 0, 0, 1, 1, 0, 0, 0, 0, 0, 0, 0, 0, 
    0, 0, 0, 1, 1, 1, 1, 0, 0, 0, 0 ],

    [ GF(2) | 1, 0, 0, 0, 0, 0, 0, 0, 0, 0, 0, 0, 1, 0, 1, 1, 1, 1, 0, 0, 0, 0, 
    0, 0, 1, 1, 1, 1, 1, 0, 0, 0, 0 ],

    [ GF(2) | 1, 0, 0, 0, 0, 0, 0, 0, 0, 0, 0, 0, 1, 1, 0, 0, 0, 0, 0, 0, 0, 0, 
    0, 0, 0, 1, 1, 1, 1, 1, 0, 0, 0 ],

    [ GF(2) | 1, 0, 0, 0, 0, 0, 0, 0, 0, 0, 0, 0, 1, 0, 1, 1, 1, 1, 1, 0, 0, 0, 
    0, 0, 1, 1, 1, 1, 1, 1, 0, 0, 0 ],

    [ GF(2) | 1, 0, 0, 0, 0, 0, 0, 0, 0, 0, 0, 0, 1, 1, 0, 0, 0, 0, 0, 0, 0, 0, 
    0, 0, 0, 1, 1, 1, 1, 1, 1, 0, 0 ],

    [ GF(2) | 1, 0, 0, 0, 0, 0, 0, 0, 0, 0, 0, 0, 1, 0, 1, 1, 1, 1, 1, 1, 0, 0, 
    0, 0, 1, 1, 1, 1, 1, 1, 1, 0, 0 ],

    [ GF(2) | 1, 0, 0, 0, 0, 0, 0, 0, 0, 0, 0, 0, 1, 1, 0, 0, 0, 0, 0, 0, 0, 0, 
    0, 0, 0, 1, 1, 1, 1, 1, 1, 1, 0 ],

    [ GF(2) | 1, 0, 0, 0, 0, 0, 0, 0, 0, 0, 0, 0, 1, 0, 1, 1, 1, 1, 1, 1, 1, 0, 
    0, 0, 1, 1, 1, 1, 1, 1, 1, 1, 0 ],

    [ GF(2) | 1, 0, 0, 0, 0, 0, 0, 0, 0, 0, 0, 0, 1, 1, 0, 0, 0, 0, 0, 0, 0, 0, 
    0, 0, 0, 1, 1, 1, 1, 1, 1, 1, 1 ],

    [ GF(2) | 1, 0, 0, 0, 0, 0, 0, 0, 0, 0, 0, 0, 1, 0, 1, 1, 1, 1, 1, 1, 1, 1, 
    0, 0, 1, 1, 1, 1, 1, 1, 1, 1, 1 ],

    [ GF(2) | 1, 0, 0, 0, 0, 0, 0, 0, 0, 0, 0, 0, 1, 0, 0, 1, 1, 0, 0, 0, 0, 0, 
    0, 0, 1, 1, 1, 1, 0, 0, 0, 0, 0 ],

    [ GF(2) | 1, 0, 0, 0, 0, 0, 0, 0, 0, 0, 0, 0, 1, 1, 1, 0, 0, 0, 0, 0, 0, 0, 
    0, 0, 0, 0, 1, 1, 1, 0, 0, 0, 0 ],

    [ GF(2) | 1, 0, 0, 0, 0, 0, 0, 0, 0, 0, 0, 0, 1, 0, 0, 1, 1, 1, 0, 0, 0, 0, 
    0, 0, 1, 1, 1, 1, 1, 0, 0, 0, 0 ],

    [ GF(2) | 1, 0, 0, 0, 0, 0, 0, 0, 0, 0, 0, 0, 1, 1, 1, 0, 0, 0, 0, 0, 0, 0, 
    0, 0, 0, 0, 1, 1, 1, 1, 0, 0, 0 ],

    [ GF(2) | 1, 0, 0, 0, 0, 0, 0, 0, 0, 0, 0, 0, 1, 0, 0, 1, 1, 1, 1, 0, 0, 0, 
    0, 0, 1, 1, 1, 1, 1, 1, 0, 0, 0 ],

    [ GF(2) | 1, 0, 0, 0, 0, 0, 0, 0, 0, 0, 0, 0, 1, 1, 1, 0, 0, 0, 0, 0, 0, 0, 
    0, 0, 0, 0, 1, 1, 1, 1, 1, 0, 0 ],

    [ GF(2) | 1, 0, 0, 0, 0, 0, 0, 0, 0, 0, 0, 0, 1, 0, 0, 1, 1, 1, 1, 1, 0, 0, 
    0, 0, 1, 1, 1, 1, 1, 1, 1, 0, 0 ],

    [ GF(2) | 1, 0, 0, 0, 0, 0, 0, 0, 0, 0, 0, 0, 1, 1, 1, 0, 0, 0, 0, 0, 0, 0, 
    0, 0, 0, 0, 1, 1, 1, 1, 1, 1, 0 ],

    [ GF(2) | 1, 0, 0, 0, 0, 0, 0, 0, 0, 0, 0, 0, 1, 0, 0, 1, 1, 1, 1, 1, 1, 0, 
    0, 0, 1, 1, 1, 1, 1, 1, 1, 1, 0 ],

    [ GF(2) | 1, 0, 0, 0, 0, 0, 0, 0, 0, 0, 0, 0, 1, 1, 1, 0, 0, 0, 0, 0, 0, 0, 
    0, 0, 0, 0, 1, 1, 1, 1, 1, 1, 1 ],

    [ GF(2) | 1, 0, 0, 0, 0, 0, 0, 0, 0, 0, 0, 0, 1, 0, 0, 1, 1, 1, 1, 1, 1, 1, 
    0, 0, 1, 1, 1, 1, 1, 1, 1, 1, 1 ],

    [ GF(2) | 1, 0, 0, 0, 0, 0, 0, 0, 0, 0, 0, 0, 1, 1, 0, 0, 1, 1, 0, 0, 0, 0, 
    0, 0, 0, 1, 1, 1, 1, 0, 0, 0, 0 ],

    [ GF(2) | 1, 0, 0, 0, 0, 0, 0, 0, 0, 0, 0, 0, 1, 0, 0, 0, 1, 1, 1, 0, 0, 0, 
    0, 0, 1, 1, 1, 1, 1, 1, 0, 0, 0 ],

    [ GF(2) | 1, 0, 0, 0, 0, 0, 0, 0, 0, 0, 0, 0, 1, 1, 0, 0, 1, 1, 1, 0, 0, 0, 
    0, 0, 0, 1, 1, 1, 1, 1, 0, 0, 0 ],

    [ GF(2) | 1, 0, 0, 0, 0, 0, 0, 0, 0, 0, 0, 0, 1, 1, 1, 1, 0, 0, 0, 0, 0, 0, 
    0, 0, 0, 0, 0, 1, 1, 1, 1, 0, 0 ],

    [ GF(2) | 1, 0, 0, 0, 0, 0, 0, 0, 0, 0, 0, 0, 1, 0, 0, 0, 1, 1, 1, 1, 0, 0, 
    0, 0, 1, 1, 1, 1, 1, 1, 1, 0, 0 ],

    [ GF(2) | 1, 0, 0, 0, 0, 0, 0, 0, 0, 0, 0, 0, 1, 1, 0, 0, 1, 1, 1, 1, 0, 0, 
    0, 0, 0, 1, 1, 1, 1, 1, 1, 0, 0 ],

    [ GF(2) | 1, 0, 0, 0, 0, 0, 0, 0, 0, 0, 0, 0, 1, 1, 1, 1, 0, 0, 0, 0, 0, 0, 
    0, 0, 0, 0, 0, 1, 1, 1, 1, 1, 0 ],

    [ GF(2) | 1, 0, 0, 0, 0, 0, 0, 0, 0, 0, 0, 0, 1, 0, 0, 0, 1, 1, 1, 1, 1, 0, 
    0, 0, 1, 1, 1, 1, 1, 1, 1, 1, 0 ],

    [ GF(2) | 1, 0, 0, 0, 0, 0, 0, 0, 0, 0, 0, 0, 1, 1, 0, 0, 1, 1, 1, 1, 1, 0, 
    0, 0, 0, 1, 1, 1, 1, 1, 1, 1, 0 ],

    [ GF(2) | 1, 0, 0, 0, 0, 0, 0, 0, 0, 0, 0, 0, 1, 1, 1, 1, 0, 0, 0, 0, 0, 0, 
    0, 0, 0, 0, 0, 1, 1, 1, 1, 1, 1 ],

    [ GF(2) | 1, 0, 0, 0, 0, 0, 0, 0, 0, 0, 0, 0, 1, 0, 0, 0, 1, 1, 1, 1, 1, 1, 
    0, 0, 1, 1, 1, 1, 1, 1, 1, 1, 1 ],

    [ GF(2) | 1, 0, 0, 0, 0, 0, 0, 0, 0, 0, 0, 0, 1, 1, 0, 0, 1, 1, 1, 1, 1, 1, 
    0, 0, 0, 1, 1, 1, 1, 1, 1, 1, 1 ],

    [ GF(2) | 1, 0, 0, 0, 0, 0, 0, 0, 0, 0, 0, 0, 1, 1, 0, 0, 0, 1, 1, 1, 0, 0, 
    0, 0, 0, 1, 1, 1, 1, 1, 1, 0, 0 ],

    [ GF(2) | 1, 0, 0, 0, 0, 0, 0, 0, 0, 0, 0, 0, 1, 0, 0, 0, 0, 1, 1, 1, 1, 0, 
    0, 0, 1, 1, 1, 1, 1, 1, 1, 1, 0 ],

    [ GF(2) | 1, 0, 0, 0, 0, 0, 0, 0, 0, 0, 0, 0, 1, 1, 0, 0, 0, 1, 1, 1, 1, 0, 
    0, 0, 0, 1, 1, 1, 1, 1, 1, 1, 0 ],

    [ GF(2) | 1, 0, 0, 0, 0, 0, 0, 0, 0, 0, 0, 0, 1, 1, 1, 1, 1, 0, 0, 0, 0, 0, 
    0, 0, 0, 0, 0, 0, 1, 1, 1, 1, 1 ],

    [ GF(2) | 1, 0, 0, 0, 0, 0, 0, 0, 0, 0, 0, 0, 1, 0, 0, 0, 0, 1, 1, 1, 1, 1, 
    0, 0, 1, 1, 1, 1, 1, 1, 1, 1, 1 ],

    [ GF(2) | 1, 0, 0, 0, 0, 0, 0, 0, 0, 0, 0, 0, 1, 1, 0, 0, 0, 1, 1, 1, 1, 1, 
    0, 0, 0, 1, 1, 1, 1, 1, 1, 1, 1 ],

    [ GF(2) | 1, 0, 0, 0, 0, 0, 0, 0, 0, 0, 0, 0, 1, 1, 1, 0, 0, 0, 1, 1, 1, 0, 
    0, 0, 0, 0, 1, 1, 1, 1, 1, 1, 0 ],

    [ GF(2) | 1, 0, 0, 0, 0, 0, 0, 0, 0, 0, 0, 0, 1, 1, 0, 0, 0, 0, 1, 1, 1, 1, 
    0, 0, 0, 1, 1, 1, 1, 1, 1, 1, 1 ],

    [ GF(2) | 1, 0, 0, 0, 0, 0, 0, 0, 0, 0, 0, 0, 1, 1, 1, 0, 0, 0, 1, 1, 1, 1, 
    0, 0, 0, 0, 1, 1, 1, 1, 1, 1, 1 ],

    [ GF(2) | 1, 0, 0, 1, 0, 0, 0, 0, 0, 0, 0, 0, 1, 0, 1, 0, 0, 0, 0, 0, 0, 0, 
    0, 0, 1, 1, 0, 0, 0, 0, 0, 0, 0 ],

    [ GF(2) | 1, 0, 1, 0, 0, 0, 0, 0, 0, 0, 0, 0, 1, 1, 0, 0, 0, 0, 0, 0, 0, 0, 
    0, 0, 0, 1, 1, 0, 0, 0, 0, 0, 0 ],

    [ GF(2) | 1, 0, 0, 1, 1, 0, 0, 0, 0, 0, 0, 0, 1, 0, 1, 1, 0, 0, 0, 0, 0, 0, 
    0, 0, 1, 1, 1, 0, 0, 0, 0, 0, 0 ],

    [ GF(2) | 1, 0, 1, 0, 0, 0, 0, 0, 0, 0, 0, 0, 1, 1, 0, 0, 0, 0, 0, 0, 0, 0, 
    0, 0, 0, 1, 1, 1, 0, 0, 0, 0, 0 ],

    [ GF(2) | 1, 0, 0, 1, 1, 1, 0, 0, 0, 0, 0, 0, 1, 0, 1, 1, 1, 0, 0, 0, 0, 0, 
    0, 0, 1, 1, 1, 1, 0, 0, 0, 0, 0 ],

    [ GF(2) | 1, 0, 1, 0, 0, 0, 0, 0, 0, 0, 0, 0, 1, 1, 0, 0, 0, 0, 0, 0, 0, 0, 
    0, 0, 0, 1, 1, 1, 1, 0, 0, 0, 0 ],

    [ GF(2) | 1, 0, 0, 1, 1, 1, 1, 0, 0, 0, 0, 0, 1, 0, 1, 1, 1, 1, 0, 0, 0, 0, 
    0, 0, 1, 1, 1, 1, 1, 0, 0, 0, 0 ],

    [ GF(2) | 1, 0, 1, 0, 0, 0, 0, 0, 0, 0, 0, 0, 1, 1, 0, 0, 0, 0, 0, 0, 0, 0, 
    0, 0, 0, 1, 1, 1, 1, 1, 0, 0, 0 ],

    [ GF(2) | 1, 0, 0, 1, 1, 1, 1, 1, 0, 0, 0, 0, 1, 0, 1, 1, 1, 1, 1, 0, 0, 0, 
    0, 0, 1, 1, 1, 1, 1, 1, 0, 0, 0 ],

    [ GF(2) | 1, 0, 1, 0, 0, 0, 0, 0, 0, 0, 0, 0, 1, 1, 0, 0, 0, 0, 0, 0, 0, 0, 
    0, 0, 0, 1, 1, 1, 1, 1, 1, 0, 0 ],

    [ GF(2) | 1, 0, 0, 1, 1, 1, 1, 1, 1, 0, 0, 0, 1, 0, 1, 1, 1, 1, 1, 1, 0, 0, 
    0, 0, 1, 1, 1, 1, 1, 1, 1, 0, 0 ],

    [ GF(2) | 1, 0, 1, 0, 0, 0, 0, 0, 0, 0, 0, 0, 1, 1, 0, 0, 0, 0, 0, 0, 0, 0, 
    0, 0, 0, 1, 1, 1, 1, 1, 1, 1, 0 ],

    [ GF(2) | 1, 0, 0, 1, 1, 1, 1, 1, 1, 1, 0, 0, 1, 0, 1, 1, 1, 1, 1, 1, 1, 0, 
    0, 0, 1, 1, 1, 1, 1, 1, 1, 1, 0 ],

    [ GF(2) | 1, 0, 1, 0, 0, 0, 0, 0, 0, 0, 0, 0, 1, 1, 0, 0, 0, 0, 0, 0, 0, 0, 
    0, 0, 0, 1, 1, 1, 1, 1, 1, 1, 1 ],

    [ GF(2) | 1, 0, 0, 1, 1, 1, 1, 1, 1, 1, 1, 0, 1, 0, 1, 1, 1, 1, 1, 1, 1, 1, 
    0, 0, 1, 1, 1, 1, 1, 1, 1, 1, 1 ],

    [ GF(2) | 1, 0, 0, 1, 1, 0, 0, 0, 0, 0, 0, 0, 1, 0, 1, 1, 0, 0, 0, 0, 0, 0, 
    0, 0, 1, 1, 0, 0, 0, 0, 0, 0, 0 ],

    [ GF(2) | 1, 1, 0, 0, 0, 0, 0, 0, 0, 0, 0, 0, 0, 1, 1, 0, 0, 0, 0, 0, 0, 0, 
    0, 0, 0, 0, 1, 1, 0, 0, 0, 0, 0 ],

    [ GF(2) | 1, 0, 0, 0, 1, 1, 0, 0, 0, 0, 0, 0, 1, 0, 0, 1, 1, 0, 0, 0, 0, 0, 
    0, 0, 1, 1, 0, 0, 0, 0, 0, 0, 0 ],

    [ GF(2) | 1, 0, 0, 1, 1, 1, 0, 0, 0, 0, 0, 0, 1, 0, 1, 1, 1, 0, 0, 0, 0, 0, 
    0, 0, 1, 1, 0, 0, 0, 0, 0, 0, 0 ],

    [ GF(2) | 1, 1, 0, 0, 0, 0, 0, 0, 0, 0, 0, 0, 0, 1, 1, 0, 0, 0, 0, 0, 0, 0, 
    0, 0, 0, 0, 1, 1, 1, 0, 0, 0, 0 ],

    [ GF(2) | 1, 0, 0, 0, 1, 1, 1, 0, 0, 0, 0, 0, 1, 0, 0, 1, 1, 1, 0, 0, 0, 0, 
    0, 0, 1, 1, 0, 0, 0, 0, 0, 0, 0 ],

    [ GF(2) | 1, 0, 0, 1, 1, 1, 1, 0, 0, 0, 0, 0, 1, 0, 1, 1, 1, 1, 0, 0, 0, 0, 
    0, 0, 1, 1, 0, 0, 0, 0, 0, 0, 0 ],

    [ GF(2) | 1, 1, 0, 0, 0, 0, 0, 0, 0, 0, 0, 0, 0, 1, 1, 0, 0, 0, 0, 0, 0, 0, 
    0, 0, 0, 0, 1, 1, 1, 1, 0, 0, 0 ],

    [ GF(2) | 1, 0, 0, 0, 1, 1, 1, 1, 0, 0, 0, 0, 1, 0, 0, 1, 1, 1, 1, 0, 0, 0, 
    0, 0, 1, 1, 0, 0, 0, 0, 0, 0, 0 ],

    [ GF(2) | 1, 0, 0, 1, 1, 1, 1, 1, 0, 0, 0, 0, 1, 0, 1, 1, 1, 1, 1, 0, 0, 0, 
    0, 0, 1, 1, 0, 0, 0, 0, 0, 0, 0 ],

    [ GF(2) | 1, 1, 0, 0, 0, 0, 0, 0, 0, 0, 0, 0, 0, 1, 1, 0, 0, 0, 0, 0, 0, 0, 
    0, 0, 0, 0, 1, 1, 1, 1, 1, 0, 0 ],

    [ GF(2) | 1, 0, 0, 0, 1, 1, 1, 1, 1, 0, 0, 0, 1, 0, 0, 1, 1, 1, 1, 1, 0, 0, 
    0, 0, 1, 1, 0, 0, 0, 0, 0, 0, 0 ],

    [ GF(2) | 1, 0, 0, 1, 1, 1, 1, 1, 1, 0, 0, 0, 1, 0, 1, 1, 1, 1, 1, 1, 0, 0, 
    0, 0, 1, 1, 0, 0, 0, 0, 0, 0, 0 ],

    [ GF(2) | 1, 1, 0, 0, 0, 0, 0, 0, 0, 0, 0, 0, 0, 1, 1, 0, 0, 0, 0, 0, 0, 0, 
    0, 0, 0, 0, 1, 1, 1, 1, 1, 1, 0 ],

    [ GF(2) | 1, 0, 0, 0, 1, 1, 1, 1, 1, 1, 0, 0, 1, 0, 0, 1, 1, 1, 1, 1, 1, 0, 
    0, 0, 1, 1, 0, 0, 0, 0, 0, 0, 0 ],

    [ GF(2) | 1, 0, 0, 1, 1, 1, 1, 1, 1, 1, 0, 0, 1, 0, 1, 1, 1, 1, 1, 1, 1, 0, 
    0, 0, 1, 1, 0, 0, 0, 0, 0, 0, 0 ],

    [ GF(2) | 1, 1, 0, 0, 0, 0, 0, 0, 0, 0, 0, 0, 0, 1, 1, 0, 0, 0, 0, 0, 0, 0, 
    0, 0, 0, 0, 1, 1, 1, 1, 1, 1, 1 ],

    [ GF(2) | 1, 0, 0, 0, 1, 1, 1, 1, 1, 1, 1, 0, 1, 0, 0, 1, 1, 1, 1, 1, 1, 1, 
    0, 0, 1, 1, 0, 0, 0, 0, 0, 0, 0 ],

    [ GF(2) | 1, 0, 0, 1, 1, 1, 1, 1, 1, 1, 1, 0, 1, 0, 1, 1, 1, 1, 1, 1, 1, 1, 
    0, 0, 1, 1, 0, 0, 0, 0, 0, 0, 0 ],

    [ GF(2) | 1, 0, 0, 0, 1, 1, 0, 0, 0, 0, 0, 0, 1, 0, 0, 1, 1, 0, 0, 0, 0, 0, 
    0, 0, 1, 1, 1, 1, 0, 0, 0, 0, 0 ],

    [ GF(2) | 1, 0, 0, 1, 1, 1, 0, 0, 0, 0, 0, 0, 1, 0, 1, 1, 1, 0, 0, 0, 0, 0, 
    0, 0, 1, 0, 1, 1, 0, 0, 0, 0, 0 ],

    [ GF(2) | 1, 0, 1, 1, 0, 0, 0, 0, 0, 0, 0, 0, 1, 1, 1, 0, 0, 0, 0, 0, 0, 0, 
    0, 0, 0, 0, 1, 1, 1, 0, 0, 0, 0 ],

    [ GF(2) | 1, 0, 0, 0, 1, 1, 1, 0, 0, 0, 0, 0, 1, 0, 0, 1, 1, 1, 0, 0, 0, 0, 
    0, 0, 1, 1, 1, 1, 1, 0, 0, 0, 0 ],

    [ GF(2) | 1, 0, 0, 1, 1, 1, 1, 0, 0, 0, 0, 0, 1, 0, 1, 1, 1, 1, 0, 0, 0, 0, 
    0, 0, 1, 0, 1, 1, 1, 0, 0, 0, 0 ],

    [ GF(2) | 1, 0, 1, 1, 0, 0, 0, 0, 0, 0, 0, 0, 1, 1, 1, 0, 0, 0, 0, 0, 0, 0, 
    0, 0, 0, 0, 1, 1, 1, 1, 0, 0, 0 ],

    [ GF(2) | 1, 0, 0, 0, 1, 1, 1, 1, 0, 0, 0, 0, 1, 0, 0, 1, 1, 1, 1, 0, 0, 0, 
    0, 0, 1, 1, 1, 1, 1, 1, 0, 0, 0 ],

    [ GF(2) | 1, 0, 0, 1, 1, 1, 1, 1, 0, 0, 0, 0, 1, 0, 1, 1, 1, 1, 1, 0, 0, 0, 
    0, 0, 1, 0, 1, 1, 1, 1, 0, 0, 0 ],

    [ GF(2) | 1, 0, 1, 1, 0, 0, 0, 0, 0, 0, 0, 0, 1, 1, 1, 0, 0, 0, 0, 0, 0, 0, 
    0, 0, 0, 0, 1, 1, 1, 1, 1, 0, 0 ],

    [ GF(2) | 1, 0, 0, 0, 1, 1, 1, 1, 1, 0, 0, 0, 1, 0, 0, 1, 1, 1, 1, 1, 0, 0, 
    0, 0, 1, 1, 1, 1, 1, 1, 1, 0, 0 ],

    [ GF(2) | 1, 0, 0, 1, 1, 1, 1, 1, 1, 0, 0, 0, 1, 0, 1, 1, 1, 1, 1, 1, 0, 0, 
    0, 0, 1, 0, 1, 1, 1, 1, 1, 0, 0 ],

    [ GF(2) | 1, 0, 1, 1, 0, 0, 0, 0, 0, 0, 0, 0, 1, 1, 1, 0, 0, 0, 0, 0, 0, 0, 
    0, 0, 0, 0, 1, 1, 1, 1, 1, 1, 0 ],

    [ GF(2) | 1, 0, 0, 0, 1, 1, 1, 1, 1, 1, 0, 0, 1, 0, 0, 1, 1, 1, 1, 1, 1, 0, 
    0, 0, 1, 1, 1, 1, 1, 1, 1, 1, 0 ],

    [ GF(2) | 1, 0, 0, 1, 1, 1, 1, 1, 1, 1, 0, 0, 1, 0, 1, 1, 1, 1, 1, 1, 1, 0, 
    0, 0, 1, 0, 1, 1, 1, 1, 1, 1, 0 ],

    [ GF(2) | 1, 0, 1, 1, 0, 0, 0, 0, 0, 0, 0, 0, 1, 1, 1, 0, 0, 0, 0, 0, 0, 0, 
    0, 0, 0, 0, 1, 1, 1, 1, 1, 1, 1 ],

    [ GF(2) | 1, 0, 0, 0, 1, 1, 1, 1, 1, 1, 1, 0, 1, 0, 0, 1, 1, 1, 1, 1, 1, 1, 
    0, 0, 1, 1, 1, 1, 1, 1, 1, 1, 1 ],

    [ GF(2) | 1, 0, 0, 1, 1, 1, 1, 1, 1, 1, 1, 0, 1, 0, 1, 1, 1, 1, 1, 1, 1, 1, 
    0, 0, 1, 0, 1, 1, 1, 1, 1, 1, 1 ],

    [ GF(2) | 1, 1, 0, 0, 0, 0, 0, 0, 0, 0, 0, 0, 0, 1, 0, 0, 1, 1, 0, 0, 0, 0, 
    0, 0, 0, 1, 1, 1, 1, 0, 0, 0, 0 ],

    [ GF(2) | 1, 0, 0, 1, 1, 1, 1, 0, 0, 0, 0, 0, 1, 0, 1, 1, 1, 1, 0, 0, 0, 0, 
    0, 0, 1, 1, 1, 0, 0, 0, 0, 0, 0 ],

    [ GF(2) | 1, 1, 0, 0, 0, 0, 0, 0, 0, 0, 0, 0, 0, 1, 1, 1, 0, 0, 0, 0, 0, 0, 
    0, 0, 0, 0, 0, 1, 1, 1, 0, 0, 0 ],

    [ GF(2) | 1, 0, 0, 0, 0, 1, 1, 1, 0, 0, 0, 0, 1, 0, 0, 0, 1, 1, 1, 0, 0, 0, 
    0, 0, 1, 1, 1, 0, 0, 0, 0, 0, 0 ],

    [ GF(2) | 1, 1, 0, 0, 0, 0, 0, 0, 0, 0, 0, 0, 0, 1, 0, 0, 1, 1, 1, 0, 0, 0, 
    0, 0, 0, 1, 1, 1, 1, 1, 0, 0, 0 ],

    [ GF(2) | 1, 0, 0, 1, 1, 1, 1, 1, 0, 0, 0, 0, 1, 0, 1, 1, 1, 1, 1, 0, 0, 0, 
    0, 0, 1, 1, 1, 0, 0, 0, 0, 0, 0 ],

    [ GF(2) | 1, 1, 0, 0, 0, 0, 0, 0, 0, 0, 0, 0, 0, 1, 1, 1, 0, 0, 0, 0, 0, 0, 
    0, 0, 0, 0, 0, 1, 1, 1, 1, 0, 0 ],

    [ GF(2) | 1, 0, 0, 0, 0, 1, 1, 1, 1, 0, 0, 0, 1, 0, 0, 0, 1, 1, 1, 1, 0, 0, 
    0, 0, 1, 1, 1, 0, 0, 0, 0, 0, 0 ],

    [ GF(2) | 1, 1, 0, 0, 0, 0, 0, 0, 0, 0, 0, 0, 0, 1, 0, 0, 1, 1, 1, 1, 0, 0, 
    0, 0, 0, 1, 1, 1, 1, 1, 1, 0, 0 ],

    [ GF(2) | 1, 0, 0, 1, 1, 1, 1, 1, 1, 0, 0, 0, 1, 0, 1, 1, 1, 1, 1, 1, 0, 0, 
    0, 0, 1, 1, 1, 0, 0, 0, 0, 0, 0 ],

    [ GF(2) | 1, 1, 0, 0, 0, 0, 0, 0, 0, 0, 0, 0, 0, 1, 1, 1, 0, 0, 0, 0, 0, 0, 
    0, 0, 0, 0, 0, 1, 1, 1, 1, 1, 0 ],

    [ GF(2) | 1, 0, 0, 0, 0, 1, 1, 1, 1, 1, 0, 0, 1, 0, 0, 0, 1, 1, 1, 1, 1, 0, 
    0, 0, 1, 1, 1, 0, 0, 0, 0, 0, 0 ],

    [ GF(2) | 1, 1, 0, 0, 0, 0, 0, 0, 0, 0, 0, 0, 0, 1, 0, 0, 1, 1, 1, 1, 1, 0, 
    0, 0, 0, 1, 1, 1, 1, 1, 1, 1, 0 ],

    [ GF(2) | 1, 0, 0, 1, 1, 1, 1, 1, 1, 1, 0, 0, 1, 0, 1, 1, 1, 1, 1, 1, 1, 0, 
    0, 0, 1, 1, 1, 0, 0, 0, 0, 0, 0 ],

    [ GF(2) | 1, 1, 0, 0, 0, 0, 0, 0, 0, 0, 0, 0, 0, 1, 1, 1, 0, 0, 0, 0, 0, 0, 
    0, 0, 0, 0, 0, 1, 1, 1, 1, 1, 1 ],

    [ GF(2) | 1, 0, 0, 0, 0, 1, 1, 1, 1, 1, 1, 0, 1, 0, 0, 0, 1, 1, 1, 1, 1, 1, 
    0, 0, 1, 1, 1, 0, 0, 0, 0, 0, 0 ],

    [ GF(2) | 1, 1, 0, 0, 0, 0, 0, 0, 0, 0, 0, 0, 0, 1, 0, 0, 1, 1, 1, 1, 1, 1, 
    0, 0, 0, 1, 1, 1, 1, 1, 1, 1, 1 ],

    [ GF(2) | 1, 0, 0, 1, 1, 1, 1, 1, 1, 1, 1, 0, 1, 0, 1, 1, 1, 1, 1, 1, 1, 1, 
    0, 0, 1, 1, 1, 0, 0, 0, 0, 0, 0 ],

    [ GF(2) | 1, 0, 1, 0, 0, 1, 1, 0, 0, 0, 0, 0, 1, 1, 0, 0, 1, 1, 0, 0, 0, 0, 
    0, 0, 0, 1, 1, 1, 1, 0, 0, 0, 0 ],

    [ GF(2) | 1, 0, 0, 0, 0, 1, 1, 1, 0, 0, 0, 0, 1, 0, 0, 0, 1, 1, 1, 0, 0, 0, 
    0, 0, 1, 1, 1, 1, 1, 1, 0, 0, 0 ],

    [ GF(2) | 1, 0, 0, 1, 1, 1, 1, 1, 0, 0, 0, 0, 1, 0, 1, 1, 1, 1, 1, 0, 0, 0, 
    0, 0, 1, 0, 0, 1, 1, 1, 0, 0, 0 ],

    [ GF(2) | 1, 0, 1, 0, 0, 1, 1, 1, 0, 0, 0, 0, 1, 1, 0, 0, 1, 1, 1, 0, 0, 0, 
    0, 0, 0, 1, 1, 1, 1, 1, 0, 0, 0 ],

    [ GF(2) | 1, 0, 1, 1, 1, 0, 0, 0, 0, 0, 0, 0, 1, 1, 1, 1, 0, 0, 0, 0, 0, 0, 
    0, 0, 0, 0, 0, 1, 1, 1, 1, 0, 0 ],

    [ GF(2) | 1, 0, 0, 0, 0, 1, 1, 1, 1, 0, 0, 0, 1, 0, 0, 0, 1, 1, 1, 1, 0, 0, 
    0, 0, 1, 1, 1, 1, 1, 1, 1, 0, 0 ],

    [ GF(2) | 1, 0, 0, 1, 1, 1, 1, 1, 1, 0, 0, 0, 1, 0, 1, 1, 1, 1, 1, 1, 0, 0, 
    0, 0, 1, 0, 0, 1, 1, 1, 1, 0, 0 ],

    [ GF(2) | 1, 0, 1, 0, 0, 1, 1, 1, 1, 0, 0, 0, 1, 1, 0, 0, 1, 1, 1, 1, 0, 0, 
    0, 0, 0, 1, 1, 1, 1, 1, 1, 0, 0 ],

    [ GF(2) | 1, 0, 1, 1, 1, 0, 0, 0, 0, 0, 0, 0, 1, 1, 1, 1, 0, 0, 0, 0, 0, 0, 
    0, 0, 0, 0, 0, 1, 1, 1, 1, 1, 0 ],

    [ GF(2) | 1, 0, 0, 0, 0, 1, 1, 1, 1, 1, 0, 0, 1, 0, 0, 0, 1, 1, 1, 1, 1, 0, 
    0, 0, 1, 1, 1, 1, 1, 1, 1, 1, 0 ],

    [ GF(2) | 1, 0, 0, 1, 1, 1, 1, 1, 1, 1, 0, 0, 1, 0, 1, 1, 1, 1, 1, 1, 1, 0, 
    0, 0, 1, 0, 0, 1, 1, 1, 1, 1, 0 ],

    [ GF(2) | 1, 0, 1, 0, 0, 1, 1, 1, 1, 1, 0, 0, 1, 1, 0, 0, 1, 1, 1, 1, 1, 0, 
    0, 0, 0, 1, 1, 1, 1, 1, 1, 1, 0 ],

    [ GF(2) | 1, 0, 1, 1, 1, 0, 0, 0, 0, 0, 0, 0, 1, 1, 1, 1, 0, 0, 0, 0, 0, 0, 
    0, 0, 0, 0, 0, 1, 1, 1, 1, 1, 1 ],

    [ GF(2) | 1, 0, 0, 0, 0, 1, 1, 1, 1, 1, 1, 0, 1, 0, 0, 0, 1, 1, 1, 1, 1, 1, 
    0, 0, 1, 1, 1, 1, 1, 1, 1, 1, 1 ],

    [ GF(2) | 1, 0, 0, 1, 1, 1, 1, 1, 1, 1, 1, 0, 1, 0, 1, 1, 1, 1, 1, 1, 1, 1, 
    0, 0, 1, 0, 0, 1, 1, 1, 1, 1, 1 ],

    [ GF(2) | 1, 0, 1, 0, 0, 1, 1, 1, 1, 1, 1, 0, 1, 1, 0, 0, 1, 1, 1, 1, 1, 1, 
    0, 0, 0, 1, 1, 1, 1, 1, 1, 1, 1 ],

    [ GF(2) | 1, 1, 0, 0, 0, 0, 0, 0, 0, 0, 0, 0, 0, 1, 1, 0, 0, 1, 1, 0, 0, 0, 
    0, 0, 0, 0, 1, 1, 1, 1, 0, 0, 0 ],

    [ GF(2) | 1, 0, 0, 0, 1, 1, 1, 1, 0, 0, 0, 0, 1, 0, 0, 1, 1, 1, 1, 0, 0, 0, 
    0, 0, 1, 1, 1, 1, 0, 0, 0, 0, 0 ],

    [ GF(2) | 1, 1, 0, 0, 0, 0, 0, 0, 0, 0, 0, 0, 0, 1, 0, 0, 0, 1, 1, 1, 0, 0, 
    0, 0, 0, 1, 1, 1, 1, 1, 1, 0, 0 ],

    [ GF(2) | 1, 0, 0, 1, 1, 1, 1, 1, 1, 0, 0, 0, 1, 0, 1, 1, 1, 1, 1, 1, 0, 0, 
    0, 0, 1, 1, 1, 1, 0, 0, 0, 0, 0 ],

    [ GF(2) | 1, 1, 0, 0, 0, 0, 0, 0, 0, 0, 0, 0, 0, 1, 1, 0, 0, 1, 1, 1, 0, 0, 
    0, 0, 0, 0, 1, 1, 1, 1, 1, 0, 0 ],

    [ GF(2) | 1, 0, 0, 0, 1, 1, 1, 1, 1, 0, 0, 0, 1, 0, 0, 1, 1, 1, 1, 1, 0, 0, 
    0, 0, 1, 1, 1, 1, 0, 0, 0, 0, 0 ],

    [ GF(2) | 1, 1, 0, 0, 0, 0, 0, 0, 0, 0, 0, 0, 0, 1, 1, 1, 1, 0, 0, 0, 0, 0, 
    0, 0, 0, 0, 0, 0, 1, 1, 1, 1, 0 ],

    [ GF(2) | 1, 0, 0, 0, 0, 0, 1, 1, 1, 1, 0, 0, 1, 0, 0, 0, 0, 1, 1, 1, 1, 0, 
    0, 0, 1, 1, 1, 1, 0, 0, 0, 0, 0 ],

    [ GF(2) | 1, 1, 0, 0, 0, 0, 0, 0, 0, 0, 0, 0, 0, 1, 0, 0, 0, 1, 1, 1, 1, 0, 
    0, 0, 0, 1, 1, 1, 1, 1, 1, 1, 0 ],

    [ GF(2) | 1, 0, 0, 1, 1, 1, 1, 1, 1, 1, 0, 0, 1, 0, 1, 1, 1, 1, 1, 1, 1, 0, 
    0, 0, 1, 1, 1, 1, 0, 0, 0, 0, 0 ],

    [ GF(2) | 1, 1, 0, 0, 0, 0, 0, 0, 0, 0, 0, 0, 0, 1, 1, 0, 0, 1, 1, 1, 1, 0, 
    0, 0, 0, 0, 1, 1, 1, 1, 1, 1, 0 ],

    [ GF(2) | 1, 0, 0, 0, 1, 1, 1, 1, 1, 1, 0, 0, 1, 0, 0, 1, 1, 1, 1, 1, 1, 0, 
    0, 0, 1, 1, 1, 1, 0, 0, 0, 0, 0 ],

    [ GF(2) | 1, 1, 0, 0, 0, 0, 0, 0, 0, 0, 0, 0, 0, 1, 1, 1, 1, 0, 0, 0, 0, 0, 
    0, 0, 0, 0, 0, 0, 1, 1, 1, 1, 1 ],

    [ GF(2) | 1, 0, 0, 0, 0, 0, 1, 1, 1, 1, 1, 0, 1, 0, 0, 0, 0, 1, 1, 1, 1, 1, 
    0, 0, 1, 1, 1, 1, 0, 0, 0, 0, 0 ],

    [ GF(2) | 1, 1, 0, 0, 0, 0, 0, 0, 0, 0, 0, 0, 0, 1, 0, 0, 0, 1, 1, 1, 1, 1, 
    0, 0, 0, 1, 1, 1, 1, 1, 1, 1, 1 ],

    [ GF(2) | 1, 0, 0, 1, 1, 1, 1, 1, 1, 1, 1, 0, 1, 0, 1, 1, 1, 1, 1, 1, 1, 1, 
    0, 0, 1, 1, 1, 1, 0, 0, 0, 0, 0 ],

    [ GF(2) | 1, 1, 0, 0, 0, 0, 0, 0, 0, 0, 0, 0, 0, 1, 1, 0, 0, 1, 1, 1, 1, 1, 
    0, 0, 0, 0, 1, 1, 1, 1, 1, 1, 1 ],

    [ GF(2) | 1, 0, 0, 0, 1, 1, 1, 1, 1, 1, 1, 0, 1, 0, 0, 1, 1, 1, 1, 1, 1, 1, 
    0, 0, 1, 1, 1, 1, 0, 0, 0, 0, 0 ],

    [ GF(2) | 1, 0, 1, 0, 0, 0, 1, 1, 1, 0, 0, 0, 1, 1, 0, 0, 0, 1, 1, 1, 0, 0, 
    0, 0, 0, 1, 1, 1, 1, 1, 1, 0, 0 ],

    [ GF(2) | 1, 0, 0, 0, 1, 1, 1, 1, 1, 0, 0, 0, 1, 0, 0, 1, 1, 1, 1, 1, 0, 0, 
    0, 0, 1, 1, 0, 0, 1, 1, 1, 0, 0 ],

    [ GF(2) | 1, 0, 0, 0, 0, 0, 1, 1, 1, 1, 0, 0, 1, 0, 0, 0, 0, 1, 1, 1, 1, 0, 
    0, 0, 1, 1, 1, 1, 1, 1, 1, 1, 0 ],

    [ GF(2) | 1, 0, 0, 1, 1, 1, 1, 1, 1, 1, 0, 0, 1, 0, 1, 1, 1, 1, 1, 1, 1, 0, 
    0, 0, 1, 0, 0, 0, 1, 1, 1, 1, 0 ],

    [ GF(2) | 1, 0, 1, 0, 0, 0, 1, 1, 1, 1, 0, 0, 1, 1, 0, 0, 0, 1, 1, 1, 1, 0, 
    0, 0, 0, 1, 1, 1, 1, 1, 1, 1, 0 ],

    [ GF(2) | 1, 0, 0, 0, 1, 1, 1, 1, 1, 1, 0, 0, 1, 0, 0, 1, 1, 1, 1, 1, 1, 0, 
    0, 0, 1, 1, 0, 0, 1, 1, 1, 1, 0 ],

    [ GF(2) | 1, 0, 1, 1, 1, 1, 0, 0, 0, 0, 0, 0, 1, 1, 1, 1, 1, 0, 0, 0, 0, 0, 
    0, 0, 0, 0, 0, 0, 1, 1, 1, 1, 1 ],

    [ GF(2) | 1, 0, 0, 0, 0, 0, 1, 1, 1, 1, 1, 0, 1, 0, 0, 0, 0, 1, 1, 1, 1, 1, 
    0, 0, 1, 1, 1, 1, 1, 1, 1, 1, 1 ],

    [ GF(2) | 1, 0, 0, 1, 1, 1, 1, 1, 1, 1, 1, 0, 1, 0, 1, 1, 1, 1, 1, 1, 1, 1, 
    0, 0, 1, 0, 0, 0, 1, 1, 1, 1, 1 ],

    [ GF(2) | 1, 0, 1, 0, 0, 0, 1, 1, 1, 1, 1, 0, 1, 1, 0, 0, 0, 1, 1, 1, 1, 1, 
    0, 0, 0, 1, 1, 1, 1, 1, 1, 1, 1 ],

    [ GF(2) | 1, 0, 0, 0, 1, 1, 1, 1, 1, 1, 1, 0, 1, 0, 0, 1, 1, 1, 1, 1, 1, 1, 
    0, 0, 1, 1, 0, 0, 1, 1, 1, 1, 1 ],

    [ GF(2) | 1, 1, 0, 0, 0, 0, 0, 0, 0, 0, 0, 0, 0, 1, 1, 0, 0, 0, 1, 1, 1, 0, 
    0, 0, 0, 0, 1, 1, 1, 1, 1, 1, 0 ],

    [ GF(2) | 1, 0, 0, 0, 1, 1, 1, 1, 1, 1, 0, 0, 1, 0, 0, 1, 1, 1, 1, 1, 1, 0, 
    0, 0, 1, 1, 1, 1, 1, 0, 0, 0, 0 ],

    [ GF(2) | 1, 1, 0, 0, 0, 0, 0, 0, 0, 0, 0, 0, 0, 1, 0, 0, 0, 0, 1, 1, 1, 1, 
    0, 0, 0, 1, 1, 1, 1, 1, 1, 1, 1 ],

    [ GF(2) | 1, 0, 0, 1, 1, 1, 1, 1, 1, 1, 1, 0, 1, 0, 1, 1, 1, 1, 1, 1, 1, 1, 
    0, 0, 1, 1, 1, 1, 1, 0, 0, 0, 0 ],

    [ GF(2) | 1, 1, 0, 0, 0, 0, 0, 0, 0, 0, 0, 0, 0, 1, 1, 0, 0, 0, 1, 1, 1, 1, 
    0, 0, 0, 0, 1, 1, 1, 1, 1, 1, 1 ],

    [ GF(2) | 1, 0, 0, 0, 1, 1, 1, 1, 1, 1, 1, 0, 1, 0, 0, 1, 1, 1, 1, 1, 1, 1, 
    0, 0, 1, 1, 1, 1, 1, 0, 0, 0, 0 ],

    [ GF(2) | 1, 0, 1, 1, 0, 0, 0, 1, 1, 1, 0, 0, 1, 1, 1, 0, 0, 0, 1, 1, 1, 0, 
    0, 0, 0, 0, 1, 1, 1, 1, 1, 1, 0 ],

    [ GF(2) | 1, 0, 1, 0, 0, 0, 0, 1, 1, 1, 1, 0, 1, 1, 0, 0, 0, 0, 1, 1, 1, 1, 
    0, 0, 0, 1, 1, 1, 1, 1, 1, 1, 1 ],

    [ GF(2) | 1, 0, 0, 0, 1, 1, 1, 1, 1, 1, 1, 0, 1, 0, 0, 1, 1, 1, 1, 1, 1, 1, 
    0, 0, 1, 1, 0, 0, 0, 1, 1, 1, 1 ],

    [ GF(2) | 1, 0, 1, 1, 0, 0, 0, 1, 1, 1, 1, 0, 1, 1, 1, 0, 0, 0, 1, 1, 1, 1, 
    0, 0, 0, 0, 1, 1, 1, 1, 1, 1, 1 ],

    [ GF(2) | 1, 1, 0, 0, 0, 0, 0, 0, 0, 0, 0, 0, 0, 1, 1, 1, 0, 0, 0, 1, 1, 1, 
    0, 0, 0, 0, 0, 1, 1, 1, 1, 1, 1 ],

    [ GF(2) | 1, 0, 0, 0, 0, 1, 1, 1, 1, 1, 1, 0, 1, 0, 0, 0, 1, 1, 1, 1, 1, 1, 
    0, 0, 1, 1, 1, 1, 1, 1, 0, 0, 0 ],

    [ GF(2) | 1, 0, 0, 1, 1, 0, 0, 0, 0, 0, 0, 0, 1, 0, 1, 0, 1, 0, 0, 0, 0, 0, 
    0, 0, 1, 0, 1, 1, 0, 0, 0, 0, 0 ],

    [ GF(2) | 1, 0, 0, 0, 0, 1, 1, 0, 0, 0, 0, 0, 1, 1, 0, 0, 1, 1, 0, 0, 0, 0, 
    0, 0, 0, 1, 1, 1, 1, 0, 0, 0, 0 ],

    [ GF(2) | 1, 0, 0, 1, 1, 0, 0, 0, 0, 0, 0, 0, 1, 0, 0, 0, 1, 1, 0, 0, 0, 0, 
    0, 0, 1, 1, 1, 1, 1, 0, 0, 0, 0 ],

    [ GF(2) | 1, 0, 0, 1, 1, 0, 0, 0, 0, 0, 0, 0, 1, 0, 1, 0, 1, 1, 0, 0, 0, 0, 
    0, 0, 1, 0, 1, 1, 1, 0, 0, 0, 0 ],

    [ GF(2) | 1, 0, 0, 1, 1, 0, 0, 0, 0, 0, 0, 0, 1, 1, 1, 1, 0, 0, 0, 0, 0, 0, 
    0, 0, 0, 0, 0, 1, 1, 1, 0, 0, 0 ],

    [ GF(2) | 1, 0, 0, 0, 0, 1, 1, 1, 0, 0, 0, 0, 1, 1, 0, 0, 1, 1, 1, 0, 0, 0, 
    0, 0, 0, 1, 1, 1, 1, 1, 0, 0, 0 ],

    [ GF(2) | 1, 0, 0, 1, 1, 0, 0, 0, 0, 0, 0, 0, 1, 0, 0, 0, 1, 1, 1, 0, 0, 0, 
    0, 0, 1, 1, 1, 1, 1, 1, 0, 0, 0 ],

    [ GF(2) | 1, 0, 0, 1, 1, 0, 0, 0, 0, 0, 0, 0, 1, 0, 1, 0, 1, 1, 1, 0, 0, 0, 
    0, 0, 1, 0, 1, 1, 1, 1, 0, 0, 0 ],

    [ GF(2) | 1, 0, 0, 1, 1, 0, 0, 0, 0, 0, 0, 0, 1, 1, 1, 1, 0, 0, 0, 0, 0, 0, 
    0, 0, 0, 0, 0, 1, 1, 1, 1, 0, 0 ],

    [ GF(2) | 1, 0, 0, 0, 0, 1, 1, 1, 1, 0, 0, 0, 1, 1, 0, 0, 1, 1, 1, 1, 0, 0, 
    0, 0, 0, 1, 1, 1, 1, 1, 1, 0, 0 ],

    [ GF(2) | 1, 0, 0, 1, 1, 0, 0, 0, 0, 0, 0, 0, 1, 0, 0, 0, 1, 1, 1, 1, 0, 0, 
    0, 0, 1, 1, 1, 1, 1, 1, 1, 0, 0 ],

    [ GF(2) | 1, 0, 0, 1, 1, 0, 0, 0, 0, 0, 0, 0, 1, 0, 1, 0, 1, 1, 1, 1, 0, 0, 
    0, 0, 1, 0, 1, 1, 1, 1, 1, 0, 0 ],

    [ GF(2) | 1, 0, 0, 1, 1, 0, 0, 0, 0, 0, 0, 0, 1, 1, 1, 1, 0, 0, 0, 0, 0, 0, 
    0, 0, 0, 0, 0, 1, 1, 1, 1, 1, 0 ],

    [ GF(2) | 1, 0, 0, 0, 0, 1, 1, 1, 1, 1, 0, 0, 1, 1, 0, 0, 1, 1, 1, 1, 1, 0, 
    0, 0, 0, 1, 1, 1, 1, 1, 1, 1, 0 ],

    [ GF(2) | 1, 0, 0, 1, 1, 0, 0, 0, 0, 0, 0, 0, 1, 0, 0, 0, 1, 1, 1, 1, 1, 0, 
    0, 0, 1, 1, 1, 1, 1, 1, 1, 1, 0 ],

    [ GF(2) | 1, 0, 0, 1, 1, 0, 0, 0, 0, 0, 0, 0, 1, 0, 1, 0, 1, 1, 1, 1, 1, 0, 
    0, 0, 1, 0, 1, 1, 1, 1, 1, 1, 0 ],

    [ GF(2) | 1, 0, 0, 1, 1, 0, 0, 0, 0, 0, 0, 0, 1, 1, 1, 1, 0, 0, 0, 0, 0, 0, 
    0, 0, 0, 0, 0, 1, 1, 1, 1, 1, 1 ],

    [ GF(2) | 1, 0, 0, 0, 0, 1, 1, 1, 1, 1, 1, 0, 1, 1, 0, 0, 1, 1, 1, 1, 1, 1, 
    0, 0, 0, 1, 1, 1, 1, 1, 1, 1, 1 ],

    [ GF(2) | 1, 0, 0, 1, 1, 0, 0, 0, 0, 0, 0, 0, 1, 0, 0, 0, 1, 1, 1, 1, 1, 1, 
    0, 0, 1, 1, 1, 1, 1, 1, 1, 1, 1 ],

    [ GF(2) | 1, 0, 0, 1, 1, 0, 0, 0, 0, 0, 0, 0, 1, 0, 1, 0, 1, 1, 1, 1, 1, 1, 
    0, 0, 1, 0, 1, 1, 1, 1, 1, 1, 1 ],

    [ GF(2) | 1, 0, 0, 0, 1, 1, 1, 1, 0, 0, 0, 0, 1, 1, 0, 1, 1, 1, 1, 0, 0, 0, 
    0, 0, 0, 1, 1, 1, 0, 0, 0, 0, 0 ],

    [ GF(2) | 1, 1, 1, 0, 0, 0, 0, 0, 0, 0, 0, 0, 0, 0, 1, 1, 1, 0, 0, 0, 0, 0, 
    0, 0, 0, 0, 0, 0, 1, 1, 1, 0, 0 ],

    [ GF(2) | 1, 0, 0, 0, 0, 0, 1, 1, 1, 0, 0, 0, 1, 1, 0, 0, 0, 1, 1, 1, 0, 0, 
    0, 0, 0, 1, 1, 1, 0, 0, 0, 0, 0 ],

    [ GF(2) | 1, 0, 0, 0, 1, 1, 1, 1, 1, 0, 0, 0, 1, 1, 0, 1, 1, 1, 1, 1, 0, 0, 
    0, 0, 0, 1, 1, 1, 0, 0, 0, 0, 0 ],

    [ GF(2) | 1, 1, 1, 0, 0, 0, 0, 0, 0, 0, 0, 0, 0, 0, 1, 1, 1, 0, 0, 0, 0, 0, 
    0, 0, 0, 0, 0, 0, 1, 1, 1, 1, 0 ],

    [ GF(2) | 1, 0, 0, 0, 0, 0, 1, 1, 1, 1, 0, 0, 1, 1, 0, 0, 0, 1, 1, 1, 1, 0, 
    0, 0, 0, 1, 1, 1, 0, 0, 0, 0, 0 ],

    [ GF(2) | 1, 0, 0, 0, 1, 1, 1, 1, 1, 1, 0, 0, 1, 1, 0, 1, 1, 1, 1, 1, 1, 0, 
    0, 0, 0, 1, 1, 1, 0, 0, 0, 0, 0 ],

    [ GF(2) | 1, 1, 1, 0, 0, 0, 0, 0, 0, 0, 0, 0, 0, 0, 1, 1, 1, 0, 0, 0, 0, 0, 
    0, 0, 0, 0, 0, 0, 1, 1, 1, 1, 1 ],

    [ GF(2) | 1, 0, 0, 0, 0, 0, 1, 1, 1, 1, 1, 0, 1, 1, 0, 0, 0, 1, 1, 1, 1, 1, 
    0, 0, 0, 1, 1, 1, 0, 0, 0, 0, 0 ],

    [ GF(2) | 1, 0, 0, 0, 1, 1, 1, 1, 1, 1, 1, 0, 1, 1, 0, 1, 1, 1, 1, 1, 1, 1, 
    0, 0, 0, 1, 1, 1, 0, 0, 0, 0, 0 ],

    [ GF(2) | 1, 0, 0, 1, 0, 0, 1, 1, 0, 0, 0, 0, 1, 1, 1, 0, 0, 1, 1, 0, 0, 0, 
    0, 0, 0, 0, 1, 1, 1, 1, 0, 0, 0 ],

    [ GF(2) | 1, 0, 0, 1, 1, 1, 0, 0, 0, 0, 0, 0, 1, 0, 1, 0, 0, 1, 1, 0, 0, 0, 
    0, 0, 1, 0, 1, 1, 1, 1, 0, 0, 0 ],

    [ GF(2) | 1, 0, 0, 0, 0, 0, 1, 1, 1, 0, 0, 0, 1, 1, 0, 0, 0, 1, 1, 1, 0, 0, 
    0, 0, 0, 1, 1, 1, 1, 1, 1, 0, 0 ],

    [ GF(2) | 1, 0, 0, 1, 1, 1, 0, 0, 0, 0, 0, 0, 1, 0, 0, 0, 0, 1, 1, 1, 0, 0, 
    0, 0, 1, 1, 1, 1, 1, 1, 1, 0, 0 ],

    [ GF(2) | 1, 0, 0, 0, 1, 1, 1, 1, 1, 0, 0, 0, 1, 1, 0, 1, 1, 1, 1, 1, 0, 0, 
    0, 0, 0, 1, 0, 0, 1, 1, 1, 0, 0 ],

    [ GF(2) | 1, 0, 0, 1, 0, 0, 1, 1, 1, 0, 0, 0, 1, 1, 1, 0, 0, 1, 1, 1, 0, 0, 
    0, 0, 0, 0, 1, 1, 1, 1, 1, 0, 0 ],

    [ GF(2) | 1, 0, 0, 1, 1, 1, 0, 0, 0, 0, 0, 0, 1, 0, 1, 0, 0, 1, 1, 1, 0, 0, 
    0, 0, 1, 0, 1, 1, 1, 1, 1, 0, 0 ],

    [ GF(2) | 1, 0, 0, 1, 1, 1, 0, 0, 0, 0, 0, 0, 1, 1, 1, 1, 1, 0, 0, 0, 0, 0, 
    0, 0, 0, 0, 0, 0, 1, 1, 1, 1, 0 ],

    [ GF(2) | 1, 0, 0, 0, 0, 0, 1, 1, 1, 1, 0, 0, 1, 1, 0, 0, 0, 1, 1, 1, 1, 0, 
    0, 0, 0, 1, 1, 1, 1, 1, 1, 1, 0 ],

    [ GF(2) | 1, 0, 0, 1, 1, 1, 0, 0, 0, 0, 0, 0, 1, 0, 0, 0, 0, 1, 1, 1, 1, 0, 
    0, 0, 1, 1, 1, 1, 1, 1, 1, 1, 0 ],

    [ GF(2) | 1, 0, 0, 0, 1, 1, 1, 1, 1, 1, 0, 0, 1, 1, 0, 1, 1, 1, 1, 1, 1, 0, 
    0, 0, 0, 1, 0, 0, 1, 1, 1, 1, 0 ],

    [ GF(2) | 1, 0, 0, 1, 0, 0, 1, 1, 1, 1, 0, 0, 1, 1, 1, 0, 0, 1, 1, 1, 1, 0, 
    0, 0, 0, 0, 1, 1, 1, 1, 1, 1, 0 ],

    [ GF(2) | 1, 0, 0, 1, 1, 1, 0, 0, 0, 0, 0, 0, 1, 0, 1, 0, 0, 1, 1, 1, 1, 0, 
    0, 0, 1, 0, 1, 1, 1, 1, 1, 1, 0 ],

    [ GF(2) | 1, 0, 0, 1, 1, 1, 0, 0, 0, 0, 0, 0, 1, 1, 1, 1, 1, 0, 0, 0, 0, 0, 
    0, 0, 0, 0, 0, 0, 1, 1, 1, 1, 1 ],

    [ GF(2) | 1, 0, 0, 0, 0, 0, 1, 1, 1, 1, 1, 0, 1, 1, 0, 0, 0, 1, 1, 1, 1, 1, 
    0, 0, 0, 1, 1, 1, 1, 1, 1, 1, 1 ],

    [ GF(2) | 1, 0, 0, 1, 1, 1, 0, 0, 0, 0, 0, 0, 1, 0, 0, 0, 0, 1, 1, 1, 1, 1, 
    0, 0, 1, 1, 1, 1, 1, 1, 1, 1, 1 ],

    [ GF(2) | 1, 0, 0, 0, 1, 1, 1, 1, 1, 1, 1, 0, 1, 1, 0, 1, 1, 1, 1, 1, 1, 1, 
    0, 0, 0, 1, 0, 0, 1, 1, 1, 1, 1 ],

    [ GF(2) | 1, 0, 0, 1, 0, 0, 1, 1, 1, 1, 1, 0, 1, 1, 1, 0, 0, 1, 1, 1, 1, 1, 
    0, 0, 0, 0, 1, 1, 1, 1, 1, 1, 1 ],

    [ GF(2) | 1, 0, 0, 1, 1, 1, 0, 0, 0, 0, 0, 0, 1, 0, 1, 0, 0, 1, 1, 1, 1, 1, 
    0, 0, 1, 0, 1, 1, 1, 1, 1, 1, 1 ],

    [ GF(2) | 1, 1, 1, 0, 0, 0, 0, 0, 0, 0, 0, 0, 0, 0, 1, 1, 0, 0, 1, 1, 0, 0, 
    0, 0, 0, 0, 0, 1, 1, 1, 1, 0, 0 ],

    [ GF(2) | 1, 0, 0, 0, 0, 1, 1, 1, 1, 0, 0, 0, 1, 1, 0, 0, 1, 1, 1, 1, 0, 0, 
    0, 0, 0, 1, 1, 1, 1, 0, 0, 0, 0 ],

    [ GF(2) | 1, 1, 1, 0, 0, 0, 0, 0, 0, 0, 0, 0, 0, 0, 1, 0, 0, 0, 1, 1, 1, 0, 
    0, 0, 0, 0, 1, 1, 1, 1, 1, 1, 0 ],

    [ GF(2) | 1, 0, 0, 0, 1, 1, 1, 1, 1, 1, 0, 0, 1, 1, 0, 1, 1, 1, 1, 1, 1, 0, 
    0, 0, 0, 1, 1, 1, 1, 0, 0, 0, 0 ],

    [ GF(2) | 1, 1, 1, 0, 0, 0, 0, 0, 0, 0, 0, 0, 0, 0, 1, 1, 0, 0, 1, 1, 1, 0, 
    0, 0, 0, 0, 0, 1, 1, 1, 1, 1, 0 ],

    [ GF(2) | 1, 0, 0, 0, 0, 1, 1, 1, 1, 1, 0, 0, 1, 1, 0, 0, 1, 1, 1, 1, 1, 0, 
    0, 0, 0, 1, 1, 1, 1, 0, 0, 0, 0 ],

    [ GF(2) | 1, 1, 1, 0, 0, 0, 0, 0, 0, 0, 0, 0, 0, 0, 1, 1, 1, 1, 0, 0, 0, 0, 
    0, 0, 0, 0, 0, 0, 0, 1, 1, 1, 1 ],

    [ GF(2) | 1, 0, 0, 0, 0, 0, 0, 1, 1, 1, 1, 0, 1, 1, 0, 0, 0, 0, 1, 1, 1, 1, 
    0, 0, 0, 1, 1, 1, 1, 0, 0, 0, 0 ],

    [ GF(2) | 1, 1, 1, 0, 0, 0, 0, 0, 0, 0, 0, 0, 0, 0, 1, 0, 0, 0, 1, 1, 1, 1, 
    0, 0, 0, 0, 1, 1, 1, 1, 1, 1, 1 ],

    [ GF(2) | 1, 0, 0, 0, 1, 1, 1, 1, 1, 1, 1, 0, 1, 1, 0, 1, 1, 1, 1, 1, 1, 1, 
    0, 0, 0, 1, 1, 1, 1, 0, 0, 0, 0 ],

    [ GF(2) | 1, 1, 1, 0, 0, 0, 0, 0, 0, 0, 0, 0, 0, 0, 1, 1, 0, 0, 1, 1, 1, 1, 
    0, 0, 0, 0, 0, 1, 1, 1, 1, 1, 1 ],

    [ GF(2) | 1, 0, 0, 0, 0, 1, 1, 1, 1, 1, 1, 0, 1, 1, 0, 0, 1, 1, 1, 1, 1, 1, 
    0, 0, 0, 1, 1, 1, 1, 0, 0, 0, 0 ],

    [ GF(2) | 1, 0, 0, 1, 1, 1, 1, 0, 0, 0, 0, 0, 1, 0, 1, 1, 0, 0, 1, 1, 0, 0, 
    0, 0, 1, 0, 0, 1, 1, 1, 1, 0, 0 ],

    [ GF(2) | 1, 0, 0, 1, 0, 0, 0, 1, 1, 1, 0, 0, 1, 1, 1, 0, 0, 0, 1, 1, 1, 0, 
    0, 0, 0, 0, 1, 1, 1, 1, 1, 1, 0 ],

    [ GF(2) | 1, 0, 0, 1, 1, 1, 1, 0, 0, 0, 0, 0, 1, 0, 1, 0, 0, 0, 1, 1, 1, 0, 
    0, 0, 1, 0, 1, 1, 1, 1, 1, 1, 0 ],

    [ GF(2) | 1, 0, 0, 0, 0, 1, 1, 1, 1, 1, 0, 0, 1, 1, 0, 0, 1, 1, 1, 1, 1, 0, 
    0, 0, 0, 1, 1, 0, 0, 1, 1, 1, 0 ],

    [ GF(2) | 1, 0, 0, 1, 1, 1, 1, 0, 0, 0, 0, 0, 1, 0, 1, 1, 0, 0, 1, 1, 1, 0, 
    0, 0, 1, 0, 0, 1, 1, 1, 1, 1, 0 ],

    [ GF(2) | 1, 0, 0, 0, 0, 0, 0, 1, 1, 1, 1, 0, 1, 1, 0, 0, 0, 0, 1, 1, 1, 1, 
    0, 0, 0, 1, 1, 1, 1, 1, 1, 1, 1 ],

    [ GF(2) | 1, 0, 0, 1, 1, 1, 1, 0, 0, 0, 0, 0, 1, 0, 0, 0, 0, 0, 1, 1, 1, 1, 
    0, 0, 1, 1, 1, 1, 1, 1, 1, 1, 1 ],

    [ GF(2) | 1, 0, 0, 0, 1, 1, 1, 1, 1, 1, 1, 0, 1, 1, 0, 1, 1, 1, 1, 1, 1, 1, 
    0, 0, 0, 1, 0, 0, 0, 1, 1, 1, 1 ],

    [ GF(2) | 1, 0, 0, 1, 0, 0, 0, 1, 1, 1, 1, 0, 1, 1, 1, 0, 0, 0, 1, 1, 1, 1, 
    0, 0, 0, 0, 1, 1, 1, 1, 1, 1, 1 ],

    [ GF(2) | 1, 0, 0, 1, 1, 1, 1, 0, 0, 0, 0, 0, 1, 0, 1, 0, 0, 0, 1, 1, 1, 1, 
    0, 0, 1, 0, 1, 1, 1, 1, 1, 1, 1 ],

    [ GF(2) | 1, 0, 0, 0, 0, 1, 1, 1, 1, 1, 1, 0, 1, 1, 0, 0, 1, 1, 1, 1, 1, 1, 
    0, 0, 0, 1, 1, 0, 0, 1, 1, 1, 1 ],

    [ GF(2) | 1, 0, 0, 1, 1, 1, 1, 0, 0, 0, 0, 0, 1, 0, 1, 1, 0, 0, 1, 1, 1, 1, 
    0, 0, 1, 0, 0, 1, 1, 1, 1, 1, 1 ],

    [ GF(2) | 1, 1, 1, 0, 0, 0, 0, 0, 0, 0, 0, 0, 0, 0, 1, 1, 0, 0, 0, 1, 1, 1, 
    0, 0, 0, 0, 0, 1, 1, 1, 1, 1, 1 ],

    [ GF(2) | 1, 0, 0, 0, 0, 1, 1, 1, 1, 1, 1, 0, 1, 1, 0, 0, 1, 1, 1, 1, 1, 1, 
    0, 0, 0, 1, 1, 1, 1, 1, 0, 0, 0 ],

    [ GF(2) | 1, 0, 0, 1, 1, 0, 0, 0, 1, 1, 1, 0, 1, 1, 1, 1, 0, 0, 0, 1, 1, 1, 
    0, 0, 0, 0, 0, 1, 1, 1, 1, 1, 1 ],

    [ GF(2) | 1, 0, 0, 1, 1, 1, 1, 1, 0, 0, 0, 0, 1, 0, 1, 1, 0, 0, 0, 1, 1, 1, 
    0, 0, 1, 0, 0, 1, 1, 1, 1, 1, 1 ],

    [ GF(2) | 1, 0, 0, 1, 0, 1, 1, 0, 0, 0, 0, 0, 1, 0, 1, 1, 0, 1, 0, 0, 0, 0, 
    0, 0, 1, 1, 1, 1, 0, 0, 0, 0, 0 ],

    [ GF(2) | 1, 1, 0, 0, 0, 0, 1, 1, 0, 0, 0, 0, 0, 1, 1, 0, 0, 1, 1, 0, 0, 0, 
    0, 0, 0, 0, 1, 1, 1, 1, 0, 0, 0 ],

    [ GF(2) | 1, 0, 0, 1, 1, 1, 1, 1, 0, 0, 0, 0, 1, 0, 1, 0, 0, 1, 1, 0, 0, 0, 
    0, 0, 1, 1, 1, 1, 0, 0, 0, 0, 0 ],

    [ GF(2) | 1, 0, 0, 1, 0, 1, 1, 1, 0, 0, 0, 0, 1, 0, 1, 1, 0, 1, 1, 0, 0, 0, 
    0, 0, 1, 1, 1, 1, 0, 0, 0, 0, 0 ],

    [ GF(2) | 1, 0, 0, 0, 0, 0, 1, 1, 1, 0, 0, 0, 1, 0, 0, 1, 1, 1, 1, 1, 0, 0, 
    0, 0, 1, 1, 1, 1, 0, 0, 0, 0, 0 ],

    [ GF(2) | 1, 1, 0, 0, 0, 0, 1, 1, 1, 0, 0, 0, 0, 1, 1, 0, 0, 1, 1, 1, 0, 0, 
    0, 0, 0, 0, 1, 1, 1, 1, 1, 0, 0 ],

    [ GF(2) | 1, 0, 0, 1, 1, 1, 1, 1, 1, 0, 0, 0, 1, 0, 1, 0, 0, 1, 1, 1, 0, 0, 
    0, 0, 1, 1, 1, 1, 0, 0, 0, 0, 0 ],

    [ GF(2) | 1, 0, 0, 1, 0, 1, 1, 1, 1, 0, 0, 0, 1, 0, 1, 1, 0, 1, 1, 1, 0, 0, 
    0, 0, 1, 1, 1, 1, 0, 0, 0, 0, 0 ],

    [ GF(2) | 1, 1, 0, 0, 1, 1, 0, 0, 0, 0, 0, 0, 0, 1, 1, 1, 1, 0, 0, 0, 0, 0, 
    0, 0, 0, 0, 0, 0, 1, 1, 1, 1, 0 ],

    [ GF(2) | 1, 0, 0, 0, 0, 0, 1, 1, 1, 1, 0, 0, 1, 0, 0, 1, 1, 1, 1, 1, 1, 0, 
    0, 0, 1, 1, 1, 1, 0, 0, 0, 0, 0 ],

    [ GF(2) | 1, 1, 0, 0, 0, 0, 1, 1, 1, 1, 0, 0, 0, 1, 1, 0, 0, 1, 1, 1, 1, 0, 
    0, 0, 0, 0, 1, 1, 1, 1, 1, 1, 0 ],

    [ GF(2) | 1, 0, 0, 1, 1, 1, 1, 1, 1, 1, 0, 0, 1, 0, 1, 0, 0, 1, 1, 1, 1, 0, 
    0, 0, 1, 1, 1, 1, 0, 0, 0, 0, 0 ],

    [ GF(2) | 1, 0, 0, 1, 0, 1, 1, 1, 1, 1, 0, 0, 1, 0, 1, 1, 0, 1, 1, 1, 1, 0, 
    0, 0, 1, 1, 1, 1, 0, 0, 0, 0, 0 ],

    [ GF(2) | 1, 1, 0, 0, 1, 1, 0, 0, 0, 0, 0, 0, 0, 1, 1, 1, 1, 0, 0, 0, 0, 0, 
    0, 0, 0, 0, 0, 0, 1, 1, 1, 1, 1 ],

    [ GF(2) | 1, 0, 0, 0, 0, 0, 1, 1, 1, 1, 1, 0, 1, 0, 0, 1, 1, 1, 1, 1, 1, 1, 
    0, 0, 1, 1, 1, 1, 0, 0, 0, 0, 0 ],

    [ GF(2) | 1, 1, 0, 0, 0, 0, 1, 1, 1, 1, 1, 0, 0, 1, 1, 0, 0, 1, 1, 1, 1, 1, 
    0, 0, 0, 0, 1, 1, 1, 1, 1, 1, 1 ],

    [ GF(2) | 1, 0, 0, 1, 1, 1, 1, 1, 1, 1, 1, 0, 1, 0, 1, 0, 0, 1, 1, 1, 1, 1, 
    0, 0, 1, 1, 1, 1, 0, 0, 0, 0, 0 ],

    [ GF(2) | 1, 0, 0, 1, 0, 1, 1, 1, 1, 1, 1, 0, 1, 0, 1, 1, 0, 1, 1, 1, 1, 1, 
    0, 0, 1, 1, 1, 1, 0, 0, 0, 0, 0 ],

    [ GF(2) | 1, 0, 0, 0, 1, 1, 1, 0, 0, 0, 0, 0, 1, 0, 0, 1, 0, 0, 1, 1, 0, 0, 
    0, 0, 1, 1, 0, 1, 1, 1, 1, 0, 0 ],

    [ GF(2) | 1, 0, 0, 0, 1, 1, 1, 0, 0, 0, 0, 0, 1, 0, 0, 0, 1, 1, 1, 1, 0, 0, 
    0, 0, 1, 1, 1, 0, 0, 1, 1, 0, 0 ],

    [ GF(2) | 1, 0, 0, 0, 0, 0, 0, 1, 1, 1, 0, 0, 1, 1, 1, 0, 0, 0, 1, 1, 1, 0, 
    0, 0, 0, 0, 1, 1, 1, 1, 1, 1, 0 ],

    [ GF(2) | 1, 0, 0, 0, 1, 1, 1, 0, 0, 0, 0, 0, 1, 0, 0, 0, 0, 0, 1, 1, 1, 0, 
    0, 0, 1, 1, 1, 1, 1, 1, 1, 1, 0 ],

    [ GF(2) | 1, 0, 0, 0, 1, 1, 1, 0, 0, 0, 0, 0, 1, 0, 0, 1, 1, 1, 1, 1, 1, 0, 
    0, 0, 1, 1, 0, 0, 0, 1, 1, 1, 0 ],

    [ GF(2) | 1, 0, 0, 0, 1, 1, 1, 0, 0, 0, 0, 0, 1, 0, 0, 1, 0, 0, 1, 1, 1, 0, 
    0, 0, 1, 1, 0, 1, 1, 1, 1, 1, 0 ],

    [ GF(2) | 1, 0, 0, 0, 1, 1, 1, 0, 0, 0, 0, 0, 1, 0, 0, 0, 1, 1, 1, 1, 1, 0, 
    0, 0, 1, 1, 1, 0, 0, 1, 1, 1, 0 ],

    [ GF(2) | 1, 0, 0, 0, 1, 1, 1, 0, 0, 0, 0, 0, 1, 1, 1, 1, 1, 1, 0, 0, 0, 0, 
    0, 0, 0, 0, 0, 0, 0, 1, 1, 1, 1 ],

    [ GF(2) | 1, 0, 0, 0, 0, 0, 0, 1, 1, 1, 1, 0, 1, 1, 1, 0, 0, 0, 1, 1, 1, 1, 
    0, 0, 0, 0, 1, 1, 1, 1, 1, 1, 1 ],

    [ GF(2) | 1, 0, 0, 0, 1, 1, 1, 0, 0, 0, 0, 0, 1, 0, 0, 0, 0, 0, 1, 1, 1, 1, 
    0, 0, 1, 1, 1, 1, 1, 1, 1, 1, 1 ],

    [ GF(2) | 1, 0, 0, 0, 1, 1, 1, 0, 0, 0, 0, 0, 1, 0, 0, 1, 1, 1, 1, 1, 1, 1, 
    0, 0, 1, 1, 0, 0, 0, 1, 1, 1, 1 ],

    [ GF(2) | 1, 0, 0, 0, 1, 1, 1, 0, 0, 0, 0, 0, 1, 0, 0, 1, 0, 0, 1, 1, 1, 1, 
    0, 0, 1, 1, 0, 1, 1, 1, 1, 1, 1 ],

    [ GF(2) | 1, 0, 0, 0, 1, 1, 1, 0, 0, 0, 0, 0, 1, 0, 0, 0, 1, 1, 1, 1, 1, 1, 
    0, 0, 1, 1, 1, 0, 0, 1, 1, 1, 1 ],

    [ GF(2) | 1, 1, 0, 0, 1, 0, 0, 1, 1, 0, 0, 0, 0, 1, 1, 1, 0, 0, 1, 1, 0, 0, 
    0, 0, 0, 0, 0, 1, 1, 1, 1, 0, 0 ],

    [ GF(2) | 1, 0, 0, 1, 0, 1, 1, 1, 1, 0, 0, 0, 1, 0, 1, 1, 0, 0, 1, 1, 0, 0, 
    0, 0, 1, 1, 1, 1, 1, 0, 0, 0, 0 ],

    [ GF(2) | 1, 1, 0, 0, 0, 0, 0, 1, 1, 1, 0, 0, 0, 1, 1, 0, 0, 0, 1, 1, 1, 0, 
    0, 0, 0, 0, 1, 1, 1, 1, 1, 1, 0 ],

    [ GF(2) | 1, 0, 0, 1, 1, 1, 1, 1, 1, 1, 0, 0, 1, 0, 1, 0, 0, 0, 1, 1, 1, 0, 
    0, 0, 1, 1, 1, 1, 1, 0, 0, 0, 0 ],

    [ GF(2) | 1, 1, 0, 0, 0, 1, 1, 1, 1, 1, 0, 0, 0, 1, 1, 0, 1, 1, 1, 1, 1, 0, 
    0, 0, 0, 0, 1, 0, 0, 1, 1, 1, 0 ],

    [ GF(2) | 1, 0, 0, 0, 1, 0, 0, 1, 1, 1, 0, 0, 1, 0, 0, 0, 1, 1, 1, 1, 1, 0, 
    0, 0, 1, 1, 1, 1, 1, 0, 0, 0, 0 ],

    [ GF(2) | 1, 1, 0, 0, 1, 0, 0, 1, 1, 1, 0, 0, 0, 1, 1, 1, 0, 0, 1, 1, 1, 0, 
    0, 0, 0, 0, 0, 1, 1, 1, 1, 1, 0 ],

    [ GF(2) | 1, 0, 0, 1, 0, 1, 1, 1, 1, 1, 0, 0, 1, 0, 1, 1, 0, 0, 1, 1, 1, 0, 
    0, 0, 1, 1, 1, 1, 1, 0, 0, 0, 0 ],

    [ GF(2) | 1, 1, 0, 0, 1, 1, 1, 0, 0, 0, 0, 0, 0, 1, 1, 1, 1, 1, 0, 0, 0, 0, 
    0, 0, 0, 0, 0, 0, 0, 1, 1, 1, 1 ],

    [ GF(2) | 1, 0, 0, 0, 0, 0, 0, 1, 1, 1, 1, 0, 1, 0, 0, 1, 1, 1, 1, 1, 1, 1, 
    0, 0, 1, 1, 1, 1, 1, 0, 0, 0, 0 ],

    [ GF(2) | 1, 1, 0, 0, 0, 0, 0, 1, 1, 1, 1, 0, 0, 1, 1, 0, 0, 0, 1, 1, 1, 1, 
    0, 0, 0, 0, 1, 1, 1, 1, 1, 1, 1 ],

    [ GF(2) | 1, 0, 0, 1, 1, 1, 1, 1, 1, 1, 1, 0, 1, 0, 1, 0, 0, 0, 1, 1, 1, 1, 
    0, 0, 1, 1, 1, 1, 1, 0, 0, 0, 0 ],

    [ GF(2) | 1, 1, 0, 0, 0, 1, 1, 1, 1, 1, 1, 0, 0, 1, 1, 0, 1, 1, 1, 1, 1, 1, 
    0, 0, 0, 0, 1, 0, 0, 1, 1, 1, 1 ],

    [ GF(2) | 1, 0, 0, 0, 1, 0, 0, 1, 1, 1, 1, 0, 1, 0, 0, 0, 1, 1, 1, 1, 1, 1, 
    0, 0, 1, 1, 1, 1, 1, 0, 0, 0, 0 ],

    [ GF(2) | 1, 1, 0, 0, 1, 0, 0, 1, 1, 1, 1, 0, 0, 1, 1, 1, 0, 0, 1, 1, 1, 1, 
    0, 0, 0, 0, 0, 1, 1, 1, 1, 1, 1 ],

    [ GF(2) | 1, 0, 0, 1, 0, 1, 1, 1, 1, 1, 1, 0, 1, 0, 1, 1, 0, 0, 1, 1, 1, 1, 
    0, 0, 1, 1, 1, 1, 1, 0, 0, 0, 0 ],

    [ GF(2) | 1, 1, 0, 0, 0, 0, 1, 1, 1, 1, 0, 0, 0, 1, 1, 0, 0, 1, 1, 1, 1, 0, 
    0, 0, 0, 0, 1, 1, 1, 1, 0, 0, 0 ],

    [ GF(2) | 1, 0, 0, 0, 0, 1, 1, 1, 1, 1, 1, 0, 1, 1, 1, 0, 1, 1, 1, 1, 1, 1, 
    0, 0, 0, 0, 1, 1, 1, 1, 0, 0, 0 ],

    [ GF(2) | 1, 1, 0, 0, 0, 1, 1, 1, 1, 1, 1, 0, 0, 1, 1, 0, 1, 1, 1, 1, 1, 1, 
    0, 0, 0, 0, 1, 1, 1, 1, 0, 0, 0 ],

    [ GF(2) | 1, 1, 0, 0, 0, 0, 1, 1, 1, 1, 1, 0, 0, 1, 1, 0, 0, 1, 1, 1, 1, 1, 
    0, 0, 0, 0, 1, 1, 1, 1, 0, 0, 0 ],

    [ GF(2) | 1, 0, 0, 0, 1, 1, 1, 1, 0, 0, 0, 0, 1, 0, 0, 1, 1, 0, 0, 1, 1, 0, 
    0, 0, 1, 1, 0, 0, 1, 1, 1, 1, 0 ],

    [ GF(2) | 1, 0, 0, 0, 1, 0, 0, 0, 1, 1, 1, 0, 1, 1, 1, 1, 0, 0, 0, 1, 1, 1, 
    0, 0, 0, 0, 0, 1, 1, 1, 1, 1, 1 ],

    [ GF(2) | 1, 0, 0, 0, 1, 1, 1, 1, 0, 0, 0, 0, 1, 0, 0, 1, 0, 0, 0, 1, 1, 1, 
    0, 0, 1, 1, 0, 1, 1, 1, 1, 1, 1 ],

    [ GF(2) | 1, 0, 0, 0, 1, 1, 1, 1, 0, 0, 0, 0, 1, 0, 0, 0, 1, 1, 1, 1, 1, 1, 
    0, 0, 1, 1, 1, 0, 0, 0, 1, 1, 1 ],

    [ GF(2) | 1, 0, 0, 0, 0, 0, 1, 1, 1, 1, 1, 0, 1, 1, 1, 0, 0, 1, 1, 1, 1, 1, 
    0, 0, 0, 0, 1, 1, 0, 0, 1, 1, 1 ],

    [ GF(2) | 1, 0, 0, 0, 1, 1, 1, 1, 0, 0, 0, 0, 1, 0, 0, 1, 1, 0, 0, 1, 1, 1, 
    0, 0, 1, 1, 0, 0, 1, 1, 1, 1, 1 ],

    [ GF(2) | 1, 0, 0, 1, 0, 0, 1, 1, 1, 1, 0, 0, 1, 0, 1, 1, 1, 0, 0, 1, 1, 0, 
    0, 0, 1, 1, 1, 1, 1, 1, 0, 0, 0 ],

    [ GF(2) | 1, 1, 0, 0, 1, 0, 0, 0, 1, 1, 1, 0, 0, 1, 1, 1, 0, 0, 0, 1, 1, 1, 
    0, 0, 0, 0, 0, 1, 1, 1, 1, 1, 1 ],

    [ GF(2) | 1, 0, 0, 1, 0, 1, 1, 1, 1, 1, 1, 0, 1, 0, 1, 1, 0, 0, 0, 1, 1, 1, 
    0, 0, 1, 1, 1, 1, 1, 1, 0, 0, 0 ],

    [ GF(2) | 1, 1, 0, 0, 0, 0, 1, 1, 1, 1, 1, 0, 0, 1, 1, 0, 0, 1, 1, 1, 1, 1, 
    0, 0, 0, 0, 1, 1, 0, 0, 1, 1, 1 ],

    [ GF(2) | 1, 0, 0, 0, 1, 1, 0, 0, 1, 1, 1, 0, 1, 0, 0, 0, 0, 1, 1, 1, 1, 1, 
    0, 0, 1, 1, 1, 1, 1, 1, 0, 0, 0 ],

    [ GF(2) | 1, 0, 0, 1, 0, 0, 1, 1, 1, 1, 1, 0, 1, 0, 1, 1, 1, 0, 0, 1, 1, 1, 
    0, 0, 1, 1, 1, 1, 1, 1, 0, 0, 0 ],

    [ GF(2) | 1, 0, 0, 1, 1, 0, 1, 1, 1, 1, 0, 0, 1, 0, 1, 1, 1, 0, 0, 1, 1, 0, 
    0, 0, 1, 1, 1, 1, 1, 1, 0, 0, 0 ],

    [ GF(2) | 1, 1, 0, 0, 0, 1, 1, 1, 0, 0, 0, 0, 0, 1, 0, 0, 0, 1, 1, 1, 1, 0, 
    0, 0, 0, 1, 1, 1, 0, 0, 1, 1, 0 ],

    [ GF(2) | 1, 1, 0, 0, 0, 0, 0, 0, 1, 1, 1, 0, 0, 1, 1, 1, 0, 0, 0, 1, 1, 1, 
    0, 0, 0, 0, 0, 1, 1, 1, 1, 1, 1 ],

    [ GF(2) | 1, 0, 0, 1, 1, 1, 1, 1, 1, 1, 1, 0, 1, 0, 1, 1, 0, 0, 0, 1, 1, 1, 
    0, 0, 1, 1, 1, 1, 1, 1, 0, 0, 0 ],

    [ GF(2) | 1, 1, 0, 0, 0, 1, 1, 1, 0, 0, 0, 0, 0, 1, 0, 0, 1, 1, 1, 1, 1, 1, 
    0, 0, 0, 1, 1, 0, 0, 0, 1, 1, 1 ],

    [ GF(2) | 1, 1, 0, 0, 0, 1, 1, 1, 0, 0, 0, 0, 0, 1, 0, 0, 1, 0, 0, 1, 1, 1, 
    0, 0, 0, 1, 1, 0, 1, 1, 1, 1, 1 ],

    [ GF(2) | 1, 0, 0, 1, 1, 0, 1, 1, 1, 1, 1, 0, 1, 0, 1, 1, 1, 0, 0, 1, 1, 1, 
    0, 0, 1, 1, 1, 1, 1, 1, 0, 0, 0 ],

    [ GF(2) | 1, 1, 0, 0, 0, 1, 1, 1, 0, 0, 0, 0, 0, 1, 0, 0, 0, 1, 1, 1, 1, 1, 
    0, 0, 0, 1, 1, 1, 0, 0, 1, 1, 1 ],

    [ GF(2) | 1, 0, 0, 0, 0, 1, 1, 1, 1, 0, 0, 0, 1, 1, 0, 0, 1, 1, 0, 0, 1, 1, 
    0, 0, 0, 1, 1, 0, 0, 1, 1, 1, 1 ],

    [ GF(2) | 1, 0, 0, 1, 1, 0, 0, 1, 1, 1, 1, 0, 1, 0, 1, 1, 1, 1, 0, 0, 1, 1, 
    0, 0, 1, 1, 1, 1, 1, 1, 1, 0, 0 ],

    [ GF(2) | 1, 1, 0, 0, 1, 1, 0, 1, 1, 1, 1, 0, 0, 1, 0, 1, 1, 1, 0, 0, 1, 1, 
    0, 0, 0, 1, 1, 1, 1, 1, 1, 0, 0 ]
]
