\[ 8, 4 ]
[ KMatrixSpace(GF(2), 4, 8) |
    [ GF(2) | 1, 0, 0, 0, 0, 0, 0, 0, 0, 1, 0, 0, 0, 0, 0, 0, 0, 0, 1, 0, 0, 0, 
    0, 0, 0, 0, 0, 1, 0, 0, 0, 0 ],

    [ GF(2) | 1, 0, 0, 0, 0, 0, 0, 0, 0, 1, 0, 0, 0, 0, 0, 0, 0, 0, 1, 0, 0, 0, 
    0, 0, 0, 0, 0, 1, 1, 0, 0, 0 ],

    [ GF(2) | 1, 0, 0, 0, 0, 0, 0, 0, 0, 1, 0, 0, 0, 0, 0, 0, 0, 0, 1, 0, 0, 0, 
    0, 0, 0, 0, 0, 1, 1, 1, 0, 0 ],

    [ GF(2) | 1, 0, 0, 0, 0, 0, 0, 0, 0, 1, 0, 0, 0, 0, 0, 0, 0, 0, 1, 0, 0, 0, 
    0, 0, 0, 0, 0, 1, 1, 1, 1, 0 ],

    [ GF(2) | 1, 0, 0, 0, 0, 0, 0, 0, 0, 1, 0, 0, 0, 0, 0, 0, 0, 0, 1, 0, 0, 0, 
    0, 0, 0, 0, 0, 1, 1, 1, 1, 1 ],

    [ GF(2) | 1, 0, 0, 0, 0, 0, 0, 0, 0, 1, 0, 0, 0, 0, 0, 0, 0, 0, 1, 0, 1, 0, 
    0, 0, 0, 0, 0, 1, 1, 0, 0, 0 ],

    [ GF(2) | 1, 0, 0, 0, 0, 0, 0, 0, 0, 1, 0, 0, 0, 0, 0, 0, 0, 0, 1, 1, 0, 0, 
    0, 0, 0, 0, 0, 0, 1, 1, 0, 0 ],

    [ GF(2) | 1, 0, 0, 0, 0, 0, 0, 0, 0, 1, 0, 0, 0, 0, 0, 0, 0, 0, 1, 0, 1, 1, 
    0, 0, 0, 0, 0, 1, 1, 1, 0, 0 ],

    [ GF(2) | 1, 0, 0, 0, 0, 0, 0, 0, 0, 1, 0, 0, 0, 0, 0, 0, 0, 0, 1, 1, 0, 0, 
    0, 0, 0, 0, 0, 0, 1, 1, 1, 0 ],

    [ GF(2) | 1, 0, 0, 0, 0, 0, 0, 0, 0, 1, 0, 0, 0, 0, 0, 0, 0, 0, 1, 0, 1, 1, 
    1, 0, 0, 0, 0, 1, 1, 1, 1, 0 ],

    [ GF(2) | 1, 0, 0, 0, 0, 0, 0, 0, 0, 1, 0, 0, 0, 0, 0, 0, 0, 0, 1, 1, 0, 0, 
    0, 0, 0, 0, 0, 0, 1, 1, 1, 1 ],

    [ GF(2) | 1, 0, 0, 0, 0, 0, 0, 0, 0, 1, 0, 0, 0, 0, 0, 0, 0, 0, 1, 0, 1, 1, 
    1, 1, 0, 0, 0, 1, 1, 1, 1, 1 ],

    [ GF(2) | 1, 0, 0, 0, 0, 0, 0, 0, 0, 1, 0, 0, 0, 0, 0, 0, 0, 0, 1, 0, 0, 1, 
    1, 0, 0, 0, 0, 1, 1, 1, 1, 0 ],

    [ GF(2) | 1, 0, 0, 0, 0, 0, 0, 0, 0, 1, 0, 0, 0, 0, 0, 0, 0, 0, 1, 1, 1, 0, 
    0, 0, 0, 0, 0, 0, 0, 1, 1, 1 ],

    [ GF(2) | 1, 0, 0, 0, 0, 0, 0, 0, 0, 1, 0, 0, 0, 0, 0, 0, 0, 0, 1, 0, 0, 1, 
    1, 1, 0, 0, 0, 1, 1, 1, 1, 1 ],

    [ GF(2) | 1, 0, 0, 0, 0, 0, 0, 0, 0, 1, 0, 0, 0, 0, 0, 0, 0, 0, 1, 1, 0, 0, 
    1, 1, 0, 0, 0, 0, 1, 1, 1, 1 ],

    [ GF(2) | 1, 0, 0, 0, 0, 0, 0, 0, 0, 1, 0, 0, 1, 0, 0, 0, 0, 0, 1, 0, 1, 0, 
    0, 0, 0, 0, 0, 1, 1, 0, 0, 0 ],

    [ GF(2) | 1, 0, 0, 0, 0, 0, 0, 0, 0, 1, 0, 1, 0, 0, 0, 0, 0, 0, 1, 1, 0, 0, 
    0, 0, 0, 0, 0, 0, 1, 1, 0, 0 ],

    [ GF(2) | 1, 0, 0, 0, 0, 0, 0, 0, 0, 1, 0, 0, 1, 1, 0, 0, 0, 0, 1, 0, 1, 1, 
    0, 0, 0, 0, 0, 1, 1, 1, 0, 0 ],

    [ GF(2) | 1, 0, 0, 0, 0, 0, 0, 0, 0, 1, 0, 1, 0, 0, 0, 0, 0, 0, 1, 1, 0, 0, 
    0, 0, 0, 0, 0, 0, 1, 1, 1, 0 ],

    [ GF(2) | 1, 0, 0, 0, 0, 0, 0, 0, 0, 1, 0, 0, 1, 1, 1, 0, 0, 0, 1, 0, 1, 1, 
    1, 0, 0, 0, 0, 1, 1, 1, 1, 0 ],

    [ GF(2) | 1, 0, 0, 0, 0, 0, 0, 0, 0, 1, 0, 1, 0, 0, 0, 0, 0, 0, 1, 1, 0, 0, 
    0, 0, 0, 0, 0, 0, 1, 1, 1, 1 ],

    [ GF(2) | 1, 0, 0, 0, 0, 0, 0, 0, 0, 1, 0, 0, 1, 1, 1, 1, 0, 0, 1, 0, 1, 1, 
    1, 1, 0, 0, 0, 1, 1, 1, 1, 1 ],

    [ GF(2) | 1, 0, 0, 0, 0, 0, 0, 0, 0, 1, 0, 0, 1, 1, 0, 0, 0, 0, 1, 0, 1, 1, 
    0, 0, 0, 0, 0, 1, 1, 0, 0, 0 ],

    [ GF(2) | 1, 0, 0, 0, 0, 0, 0, 0, 0, 1, 1, 0, 0, 0, 0, 0, 0, 0, 0, 1, 1, 0, 
    0, 0, 0, 0, 0, 0, 0, 1, 1, 0 ],

    [ GF(2) | 1, 0, 0, 0, 0, 0, 0, 0, 0, 1, 0, 0, 0, 1, 1, 0, 0, 0, 1, 0, 0, 1, 
    1, 0, 0, 0, 0, 1, 1, 0, 0, 0 ],

    [ GF(2) | 1, 0, 0, 0, 0, 0, 0, 0, 0, 1, 0, 0, 1, 1, 1, 0, 0, 0, 1, 0, 1, 1, 
    1, 0, 0, 0, 0, 1, 1, 0, 0, 0 ],

    [ GF(2) | 1, 0, 0, 0, 0, 0, 0, 0, 0, 1, 1, 0, 0, 0, 0, 0, 0, 0, 0, 1, 1, 0, 
    0, 0, 0, 0, 0, 0, 0, 1, 1, 1 ],

    [ GF(2) | 1, 0, 0, 0, 0, 0, 0, 0, 0, 1, 0, 0, 0, 1, 1, 1, 0, 0, 1, 0, 0, 1, 
    1, 1, 0, 0, 0, 1, 1, 0, 0, 0 ],

    [ GF(2) | 1, 0, 0, 0, 0, 0, 0, 0, 0, 1, 0, 0, 1, 1, 1, 1, 0, 0, 1, 0, 1, 1, 
    1, 1, 0, 0, 0, 1, 1, 0, 0, 0 ],

    [ GF(2) | 1, 0, 0, 0, 0, 0, 0, 0, 0, 1, 0, 0, 0, 1, 1, 0, 0, 0, 1, 0, 0, 1, 
    1, 0, 0, 0, 0, 1, 1, 1, 1, 0 ],

    [ GF(2) | 1, 0, 0, 0, 0, 0, 0, 0, 0, 1, 0, 0, 1, 1, 1, 0, 0, 0, 1, 0, 1, 1, 
    1, 0, 0, 0, 0, 1, 0, 1, 1, 0 ],

    [ GF(2) | 1, 0, 0, 0, 0, 0, 0, 0, 0, 1, 0, 1, 1, 0, 0, 0, 0, 0, 1, 1, 1, 0, 
    0, 0, 0, 0, 0, 0, 0, 1, 1, 1 ],

    [ GF(2) | 1, 0, 0, 0, 0, 0, 0, 0, 0, 1, 0, 0, 0, 1, 1, 1, 0, 0, 1, 0, 0, 1, 
    1, 1, 0, 0, 0, 1, 1, 1, 1, 1 ],

    [ GF(2) | 1, 0, 0, 0, 0, 0, 0, 0, 0, 1, 0, 0, 1, 1, 1, 1, 0, 0, 1, 0, 1, 1, 
    1, 1, 0, 0, 0, 1, 0, 1, 1, 1 ],

    [ GF(2) | 1, 0, 0, 0, 0, 0, 0, 0, 0, 1, 1, 0, 0, 0, 0, 0, 0, 0, 0, 1, 0, 0, 
    1, 1, 0, 0, 0, 0, 1, 1, 1, 1 ],

    [ GF(2) | 1, 0, 0, 0, 0, 0, 0, 0, 0, 1, 0, 0, 1, 1, 1, 1, 0, 0, 1, 0, 1, 1, 
    1, 1, 0, 0, 0, 1, 1, 1, 0, 0 ],

    [ GF(2) | 1, 0, 0, 0, 0, 0, 0, 0, 0, 1, 0, 1, 0, 0, 1, 1, 0, 0, 1, 1, 0, 0, 
    1, 1, 0, 0, 0, 0, 1, 1, 1, 1 ],

    [ GF(2) | 1, 0, 0, 0, 0, 0, 0, 0, 0, 1, 0, 0, 1, 1, 0, 0, 0, 0, 1, 0, 1, 0, 
    1, 0, 0, 0, 0, 1, 0, 1, 1, 0 ],

    [ GF(2) | 1, 0, 0, 0, 0, 0, 0, 0, 0, 1, 0, 0, 0, 0, 1, 1, 0, 0, 1, 1, 0, 0, 
    1, 1, 0, 0, 0, 0, 1, 1, 1, 1 ],

    [ GF(2) | 1, 0, 0, 0, 0, 0, 0, 0, 0, 1, 0, 0, 1, 1, 0, 0, 0, 0, 1, 0, 0, 0, 
    1, 1, 0, 0, 0, 1, 1, 1, 1, 1 ],

    [ GF(2) | 1, 0, 0, 0, 0, 0, 0, 0, 0, 1, 0, 0, 1, 1, 0, 0, 0, 0, 1, 0, 1, 0, 
    1, 1, 0, 0, 0, 1, 0, 1, 1, 1 ],

    [ GF(2) | 1, 0, 0, 0, 0, 0, 0, 0, 0, 1, 0, 0, 1, 0, 1, 1, 0, 0, 1, 0, 1, 1, 
    0, 1, 0, 0, 0, 1, 1, 1, 1, 0 ],

    [ GF(2) | 1, 0, 0, 0, 1, 0, 0, 0, 0, 1, 0, 0, 1, 0, 0, 0, 0, 0, 1, 0, 1, 0, 
    0, 0, 0, 0, 0, 1, 1, 0, 0, 0 ],

    [ GF(2) | 1, 0, 0, 1, 0, 0, 0, 0, 0, 1, 0, 1, 0, 0, 0, 0, 0, 0, 1, 1, 0, 0, 
    0, 0, 0, 0, 0, 0, 1, 1, 0, 0 ],

    [ GF(2) | 1, 0, 0, 0, 1, 1, 0, 0, 0, 1, 0, 0, 1, 1, 0, 0, 0, 0, 1, 0, 1, 1, 
    0, 0, 0, 0, 0, 1, 1, 1, 0, 0 ],

    [ GF(2) | 1, 0, 0, 1, 0, 0, 0, 0, 0, 1, 0, 1, 0, 0, 0, 0, 0, 0, 1, 1, 0, 0, 
    0, 0, 0, 0, 0, 0, 1, 1, 1, 0 ],

    [ GF(2) | 1, 0, 0, 0, 1, 1, 1, 0, 0, 1, 0, 0, 1, 1, 1, 0, 0, 0, 1, 0, 1, 1, 
    1, 0, 0, 0, 0, 1, 1, 1, 1, 0 ],

    [ GF(2) | 1, 0, 0, 1, 0, 0, 0, 0, 0, 1, 0, 1, 0, 0, 0, 0, 0, 0, 1, 1, 0, 0, 
    0, 0, 0, 0, 0, 0, 1, 1, 1, 1 ],

    [ GF(2) | 1, 0, 0, 0, 1, 1, 1, 1, 0, 1, 0, 0, 1, 1, 1, 1, 0, 0, 1, 0, 1, 1, 
    1, 1, 0, 0, 0, 1, 1, 1, 1, 1 ],

    [ GF(2) | 1, 0, 1, 0, 0, 0, 0, 0, 0, 1, 1, 0, 0, 0, 0, 0, 0, 0, 0, 1, 0, 1, 
    0, 0, 0, 0, 0, 0, 1, 1, 0, 0 ],

    [ GF(2) | 1, 0, 0, 0, 1, 1, 0, 0, 0, 1, 0, 0, 1, 1, 0, 0, 0, 0, 1, 0, 1, 1, 
    0, 0, 0, 0, 0, 1, 1, 0, 0, 0 ],

    [ GF(2) | 1, 0, 1, 0, 0, 0, 0, 0, 0, 1, 1, 0, 0, 0, 0, 0, 0, 0, 0, 1, 1, 0, 
    0, 0, 0, 0, 0, 0, 0, 1, 1, 0 ],

    [ GF(2) | 1, 0, 0, 0, 0, 1, 1, 0, 0, 1, 0, 0, 0, 1, 1, 0, 0, 0, 1, 0, 0, 1, 
    1, 0, 0, 0, 0, 1, 1, 0, 0, 0 ],

    [ GF(2) | 1, 0, 1, 0, 0, 0, 0, 0, 0, 1, 1, 0, 0, 0, 0, 0, 0, 0, 0, 1, 0, 1, 
    1, 0, 0, 0, 0, 0, 1, 1, 1, 0 ],

    [ GF(2) | 1, 0, 0, 0, 1, 1, 1, 0, 0, 1, 0, 0, 1, 1, 1, 0, 0, 0, 1, 0, 1, 1, 
    1, 0, 0, 0, 0, 1, 1, 0, 0, 0 ],

    [ GF(2) | 1, 0, 1, 0, 0, 0, 0, 0, 0, 1, 1, 0, 0, 0, 0, 0, 0, 0, 0, 1, 1, 0, 
    0, 0, 0, 0, 0, 0, 0, 1, 1, 1 ],

    [ GF(2) | 1, 0, 0, 0, 0, 1, 1, 1, 0, 1, 0, 0, 0, 1, 1, 1, 0, 0, 1, 0, 0, 1, 
    1, 1, 0, 0, 0, 1, 1, 0, 0, 0 ],

    [ GF(2) | 1, 0, 1, 0, 0, 0, 0, 0, 0, 1, 1, 0, 0, 0, 0, 0, 0, 0, 0, 1, 0, 1, 
    1, 1, 0, 0, 0, 0, 1, 1, 1, 1 ],

    [ GF(2) | 1, 0, 0, 0, 1, 1, 1, 1, 0, 1, 0, 0, 1, 1, 1, 1, 0, 0, 1, 0, 1, 1, 
    1, 1, 0, 0, 0, 1, 1, 0, 0, 0 ],

    [ GF(2) | 1, 0, 0, 0, 0, 1, 1, 0, 0, 1, 0, 0, 0, 1, 1, 0, 0, 0, 1, 0, 0, 1, 
    1, 0, 0, 0, 0, 1, 1, 1, 1, 0 ],

    [ GF(2) | 1, 0, 0, 0, 1, 1, 1, 0, 0, 1, 0, 0, 1, 1, 1, 0, 0, 0, 1, 0, 1, 1, 
    1, 0, 0, 0, 0, 1, 0, 1, 1, 0 ],

    [ GF(2) | 1, 0, 0, 1, 1, 0, 0, 0, 0, 1, 0, 1, 1, 0, 0, 0, 0, 0, 1, 1, 1, 0, 
    0, 0, 0, 0, 0, 0, 0, 1, 1, 1 ],

    [ GF(2) | 1, 0, 0, 0, 0, 1, 1, 1, 0, 1, 0, 0, 0, 1, 1, 1, 0, 0, 1, 0, 0, 1, 
    1, 1, 0, 0, 0, 1, 1, 1, 1, 1 ],

    [ GF(2) | 1, 0, 0, 0, 1, 1, 1, 1, 0, 1, 0, 0, 1, 1, 1, 1, 0, 0, 1, 0, 1, 1, 
    1, 1, 0, 0, 0, 1, 0, 1, 1, 1 ],

    [ GF(2) | 1, 0, 1, 0, 0, 0, 0, 0, 0, 1, 1, 0, 0, 0, 0, 0, 0, 0, 0, 1, 0, 0, 
    1, 1, 0, 0, 0, 0, 1, 1, 1, 1 ],

    [ GF(2) | 1, 0, 0, 0, 1, 1, 1, 1, 0, 1, 0, 0, 1, 1, 1, 1, 0, 0, 1, 0, 1, 1, 
    1, 1, 0, 0, 0, 1, 1, 1, 0, 0 ],

    [ GF(2) | 1, 0, 0, 1, 0, 0, 1, 1, 0, 1, 0, 1, 0, 0, 1, 1, 0, 0, 1, 1, 0, 0, 
    1, 1, 0, 0, 0, 0, 1, 1, 1, 1 ],

    [ GF(2) | 1, 0, 0, 1, 0, 1, 0, 0, 0, 1, 0, 1, 0, 1, 0, 0, 0, 0, 1, 1, 0, 0, 
    0, 0, 0, 0, 0, 0, 1, 1, 0, 0 ],

    [ GF(2) | 1, 0, 0, 1, 1, 0, 0, 0, 0, 1, 0, 1, 1, 0, 0, 0, 0, 0, 1, 1, 0, 0, 
    0, 0, 0, 0, 0, 0, 0, 1, 1, 0 ],

    [ GF(2) | 1, 0, 0, 0, 0, 1, 1, 0, 0, 1, 0, 0, 0, 1, 1, 0, 0, 0, 1, 0, 1, 1, 
    1, 0, 0, 0, 0, 1, 1, 1, 1, 0 ],

    [ GF(2) | 1, 0, 0, 1, 0, 1, 1, 0, 0, 1, 0, 1, 0, 1, 1, 0, 0, 0, 1, 1, 0, 0, 
    0, 0, 0, 0, 0, 0, 1, 1, 1, 0 ],

    [ GF(2) | 1, 0, 0, 1, 1, 0, 0, 0, 0, 1, 0, 1, 1, 0, 0, 0, 0, 0, 1, 1, 0, 0, 
    0, 0, 0, 0, 0, 0, 0, 1, 1, 1 ],

    [ GF(2) | 1, 0, 0, 0, 0, 1, 1, 1, 0, 1, 0, 0, 0, 1, 1, 1, 0, 0, 1, 0, 1, 1, 
    1, 1, 0, 0, 0, 1, 1, 1, 1, 1 ],

    [ GF(2) | 1, 0, 0, 1, 0, 1, 1, 1, 0, 1, 0, 1, 0, 1, 1, 1, 0, 0, 1, 1, 0, 0, 
    0, 0, 0, 0, 0, 0, 1, 1, 1, 1 ],

    [ GF(2) | 1, 0, 0, 1, 0, 1, 1, 0, 0, 1, 0, 1, 0, 1, 1, 0, 0, 0, 1, 1, 0, 0, 
    0, 0, 0, 0, 0, 0, 1, 1, 0, 0 ],

    [ GF(2) | 1, 1, 0, 0, 0, 0, 0, 0, 0, 0, 1, 1, 0, 0, 0, 0, 0, 0, 0, 0, 1, 1, 
    0, 0, 0, 0, 0, 0, 0, 0, 1, 1 ],

    [ GF(2) | 1, 0, 0, 0, 0, 0, 1, 1, 0, 1, 0, 0, 0, 0, 1, 1, 0, 0, 1, 1, 0, 0, 
    0, 0, 0, 0, 0, 0, 1, 1, 0, 0 ],

    [ GF(2) | 1, 0, 0, 1, 0, 0, 1, 1, 0, 1, 0, 1, 0, 0, 1, 1, 0, 0, 1, 1, 0, 0, 
    0, 0, 0, 0, 0, 0, 1, 1, 0, 0 ],

    [ GF(2) | 1, 0, 0, 1, 0, 1, 1, 1, 0, 1, 0, 1, 0, 1, 1, 1, 0, 0, 1, 1, 0, 0, 
    0, 0, 0, 0, 0, 0, 1, 1, 0, 0 ],

    [ GF(2) | 1, 0, 0, 0, 1, 1, 0, 0, 0, 1, 0, 0, 1, 1, 0, 0, 0, 0, 1, 0, 1, 0, 
    1, 0, 0, 0, 0, 1, 1, 0, 1, 0 ],

    [ GF(2) | 1, 0, 0, 0, 0, 0, 1, 1, 0, 1, 0, 0, 0, 0, 1, 1, 0, 0, 1, 1, 0, 0, 
    0, 0, 0, 0, 0, 0, 1, 1, 1, 1 ],

    [ GF(2) | 1, 0, 0, 0, 1, 1, 0, 0, 0, 1, 0, 0, 1, 1, 0, 0, 0, 0, 1, 0, 0, 0, 
    1, 1, 0, 0, 0, 1, 0, 0, 1, 1 ],

    [ GF(2) | 1, 0, 0, 0, 1, 1, 0, 0, 0, 1, 0, 0, 1, 1, 0, 0, 0, 0, 1, 0, 1, 1, 
    1, 1, 0, 0, 0, 1, 1, 1, 1, 1 ],

    [ GF(2) | 1, 0, 0, 0, 0, 1, 1, 1, 0, 1, 0, 0, 0, 1, 1, 1, 0, 0, 1, 1, 0, 0, 
    0, 0, 0, 0, 0, 0, 1, 0, 1, 1 ],

    [ GF(2) | 1, 0, 0, 0, 1, 1, 0, 0, 0, 1, 0, 0, 1, 1, 0, 0, 0, 0, 1, 0, 1, 0, 
    1, 1, 0, 0, 0, 1, 1, 0, 1, 1 ],

    [ GF(2) | 1, 0, 0, 1, 0, 0, 1, 1, 0, 1, 0, 1, 0, 0, 1, 1, 0, 0, 1, 1, 0, 0, 
    0, 0, 0, 0, 0, 0, 1, 1, 1, 1 ],

    [ GF(2) | 1, 0, 0, 1, 0, 1, 1, 1, 0, 1, 0, 1, 0, 1, 1, 1, 0, 0, 1, 1, 0, 0, 
    0, 0, 0, 0, 0, 0, 1, 0, 1, 1 ],

    [ GF(2) | 1, 0, 0, 0, 1, 0, 1, 1, 0, 1, 0, 0, 1, 0, 1, 1, 0, 0, 1, 0, 0, 1, 
    1, 1, 0, 0, 0, 1, 0, 1, 1, 1 ],

    [ GF(2) | 1, 0, 0, 0, 1, 1, 0, 0, 0, 1, 0, 0, 1, 1, 0, 0, 0, 0, 1, 0, 1, 0, 
    1, 0, 0, 0, 0, 1, 0, 1, 1, 0 ],

    [ GF(2) | 1, 0, 0, 0, 0, 0, 1, 1, 0, 1, 0, 0, 0, 0, 1, 1, 0, 0, 1, 1, 0, 0, 
    1, 1, 0, 0, 0, 0, 1, 1, 1, 1 ],

    [ GF(2) | 1, 0, 0, 0, 1, 1, 0, 0, 0, 1, 0, 0, 1, 1, 0, 0, 0, 0, 1, 0, 0, 0, 
    1, 1, 0, 0, 0, 1, 1, 1, 1, 1 ],

    [ GF(2) | 1, 0, 0, 0, 1, 1, 0, 0, 0, 1, 0, 0, 1, 1, 0, 0, 0, 0, 1, 0, 1, 0, 
    1, 1, 0, 0, 0, 1, 0, 1, 1, 1 ],

    [ GF(2) | 1, 0, 0, 1, 0, 0, 1, 1, 0, 1, 0, 1, 0, 0, 1, 1, 0, 0, 1, 0, 0, 0, 
    1, 1, 0, 0, 0, 0, 1, 1, 1, 1 ],

    [ GF(2) | 1, 0, 0, 0, 1, 1, 1, 1, 0, 1, 0, 0, 1, 1, 1, 1, 0, 0, 1, 0, 1, 1, 
    0, 0, 0, 0, 0, 1, 0, 0, 1, 1 ],

    [ GF(2) | 1, 0, 0, 1, 0, 1, 1, 1, 0, 1, 0, 1, 0, 1, 1, 1, 0, 0, 1, 0, 0, 1, 
    1, 1, 0, 0, 0, 0, 1, 0, 1, 1 ],

    [ GF(2) | 1, 0, 0, 0, 1, 0, 1, 1, 0, 1, 0, 0, 1, 0, 1, 1, 0, 0, 1, 0, 1, 1, 
    0, 0, 0, 0, 0, 1, 0, 1, 1, 1 ],

    [ GF(2) | 1, 1, 0, 0, 0, 0, 0, 0, 0, 0, 1, 0, 0, 1, 1, 0, 0, 0, 0, 1, 0, 1, 
    0, 1, 0, 0, 0, 0, 1, 0, 1, 1 ],

    [ GF(2) | 1, 0, 0, 0, 1, 0, 1, 1, 0, 1, 0, 0, 1, 0, 1, 1, 0, 0, 1, 0, 0, 1, 
    1, 0, 0, 0, 0, 1, 1, 1, 1, 0 ],

    [ GF(2) | 1, 0, 0, 0, 1, 0, 1, 1, 0, 1, 0, 0, 1, 0, 1, 1, 0, 0, 1, 0, 1, 1, 
    0, 1, 0, 0, 0, 1, 1, 1, 1, 0 ],

    [ GF(2) | 1, 0, 0, 0, 0, 1, 1, 0, 0, 1, 0, 0, 1, 0, 1, 0, 0, 0, 1, 0, 1, 1, 
    0, 0, 0, 0, 0, 1, 1, 1, 1, 0 ],

    [ GF(2) | 1, 0, 0, 0, 0, 0, 1, 1, 0, 1, 0, 0, 1, 1, 1, 1, 0, 0, 1, 0, 1, 1, 
    0, 0, 0, 0, 0, 1, 1, 0, 1, 1 ],

    [ GF(2) | 1, 0, 0, 0, 0, 1, 1, 1, 0, 1, 0, 0, 1, 0, 1, 1, 0, 0, 1, 0, 1, 1, 
    0, 0, 0, 0, 0, 1, 1, 1, 1, 1 ],

    [ GF(2) | 1, 0, 0, 0, 0, 1, 1, 0, 0, 1, 0, 0, 1, 0, 1, 1, 0, 0, 1, 0, 1, 1, 
    0, 1, 0, 0, 0, 1, 1, 1, 1, 0 ],

    [ GF(2) | 1, 0, 0, 0, 1, 1, 0, 1, 0, 1, 0, 0, 0, 1, 1, 0, 0, 0, 1, 0, 1, 0, 
    1, 1, 0, 0, 0, 1, 0, 1, 0, 1 ],

    [ GF(2) | 1, 0, 0, 1, 0, 1, 1, 0, 0, 1, 0, 1, 0, 1, 0, 1, 0, 0, 1, 1, 0, 0, 
    1, 1, 0, 0, 0, 0, 1, 1, 1, 1 ]
]
\[ 8, 4 ]
[ KMatrixSpace(GF(2), 4, 8) |
    [ GF(2) | 1, 0, 0, 0, 0, 0, 0, 0, 0, 1, 0, 0, 0, 0, 0, 0, 0, 0, 1, 0, 0, 0, 
    0, 0, 0, 0, 0, 1, 0, 0, 0, 0 ],

    [ GF(2) | 1, 0, 0, 0, 0, 0, 0, 0, 0, 1, 0, 0, 0, 0, 0, 0, 0, 0, 1, 0, 0, 0, 
    0, 0, 0, 0, 0, 1, 1, 0, 0, 0 ],

    [ GF(2) | 1, 0, 0, 0, 0, 0, 0, 0, 0, 1, 0, 0, 0, 0, 0, 0, 0, 0, 1, 0, 0, 0, 
    0, 0, 0, 0, 0, 1, 1, 1, 0, 0 ],

    [ GF(2) | 1, 0, 0, 0, 0, 0, 0, 0, 0, 1, 0, 0, 0, 0, 0, 0, 0, 0, 1, 0, 0, 0, 
    0, 0, 0, 0, 0, 1, 1, 1, 1, 0 ],

    [ GF(2) | 1, 0, 0, 0, 0, 0, 0, 0, 0, 1, 0, 0, 0, 0, 0, 0, 0, 0, 1, 0, 0, 0, 
    0, 0, 0, 0, 0, 1, 1, 1, 1, 1 ],

    [ GF(2) | 1, 0, 0, 0, 0, 0, 0, 0, 0, 1, 0, 0, 0, 0, 0, 0, 0, 0, 1, 0, 1, 0, 
    0, 0, 0, 0, 0, 1, 1, 0, 0, 0 ],

    [ GF(2) | 1, 0, 0, 0, 0, 0, 0, 0, 0, 1, 0, 0, 0, 0, 0, 0, 0, 0, 1, 1, 0, 0, 
    0, 0, 0, 0, 0, 0, 1, 1, 0, 0 ],

    [ GF(2) | 1, 0, 0, 0, 0, 0, 0, 0, 0, 1, 0, 0, 0, 0, 0, 0, 0, 0, 1, 0, 1, 1, 
    0, 0, 0, 0, 0, 1, 1, 1, 0, 0 ],

    [ GF(2) | 1, 0, 0, 0, 0, 0, 0, 0, 0, 1, 0, 0, 0, 0, 0, 0, 0, 0, 1, 1, 0, 0, 
    0, 0, 0, 0, 0, 0, 1, 1, 1, 0 ],

    [ GF(2) | 1, 0, 0, 0, 0, 0, 0, 0, 0, 1, 0, 0, 0, 0, 0, 0, 0, 0, 1, 0, 1, 1, 
    1, 0, 0, 0, 0, 1, 1, 1, 1, 0 ],

    [ GF(2) | 1, 0, 0, 0, 0, 0, 0, 0, 0, 1, 0, 0, 0, 0, 0, 0, 0, 0, 1, 1, 0, 0, 
    0, 0, 0, 0, 0, 0, 1, 1, 1, 1 ],

    [ GF(2) | 1, 0, 0, 0, 0, 0, 0, 0, 0, 1, 0, 0, 0, 0, 0, 0, 0, 0, 1, 0, 1, 1, 
    1, 1, 0, 0, 0, 1, 1, 1, 1, 1 ],

    [ GF(2) | 1, 0, 0, 0, 0, 0, 0, 0, 0, 1, 0, 0, 0, 0, 0, 0, 0, 0, 1, 0, 0, 1, 
    1, 0, 0, 0, 0, 1, 1, 1, 1, 0 ],

    [ GF(2) | 1, 0, 0, 0, 0, 0, 0, 0, 0, 1, 0, 0, 0, 0, 0, 0, 0, 0, 1, 1, 1, 0, 
    0, 0, 0, 0, 0, 0, 0, 1, 1, 1 ],

    [ GF(2) | 1, 0, 0, 0, 0, 0, 0, 0, 0, 1, 0, 0, 0, 0, 0, 0, 0, 0, 1, 0, 0, 1, 
    1, 1, 0, 0, 0, 1, 1, 1, 1, 1 ],

    [ GF(2) | 1, 0, 0, 0, 0, 0, 0, 0, 0, 1, 0, 0, 0, 0, 0, 0, 0, 0, 1, 1, 0, 0, 
    1, 1, 0, 0, 0, 0, 1, 1, 1, 1 ],

    [ GF(2) | 1, 0, 0, 0, 0, 0, 0, 0, 0, 1, 0, 0, 1, 0, 0, 0, 0, 0, 1, 0, 1, 0, 
    0, 0, 0, 0, 0, 1, 1, 0, 0, 0 ],

    [ GF(2) | 1, 0, 0, 0, 0, 0, 0, 0, 0, 1, 0, 1, 0, 0, 0, 0, 0, 0, 1, 1, 0, 0, 
    0, 0, 0, 0, 0, 0, 1, 1, 0, 0 ],

    [ GF(2) | 1, 0, 0, 0, 0, 0, 0, 0, 0, 1, 0, 0, 1, 1, 0, 0, 0, 0, 1, 0, 1, 1, 
    0, 0, 0, 0, 0, 1, 1, 1, 0, 0 ],

    [ GF(2) | 1, 0, 0, 0, 0, 0, 0, 0, 0, 1, 0, 1, 0, 0, 0, 0, 0, 0, 1, 1, 0, 0, 
    0, 0, 0, 0, 0, 0, 1, 1, 1, 0 ],

    [ GF(2) | 1, 0, 0, 0, 0, 0, 0, 0, 0, 1, 0, 0, 1, 1, 1, 0, 0, 0, 1, 0, 1, 1, 
    1, 0, 0, 0, 0, 1, 1, 1, 1, 0 ],

    [ GF(2) | 1, 0, 0, 0, 0, 0, 0, 0, 0, 1, 0, 1, 0, 0, 0, 0, 0, 0, 1, 1, 0, 0, 
    0, 0, 0, 0, 0, 0, 1, 1, 1, 1 ],

    [ GF(2) | 1, 0, 0, 0, 0, 0, 0, 0, 0, 1, 0, 0, 1, 1, 1, 1, 0, 0, 1, 0, 1, 1, 
    1, 1, 0, 0, 0, 1, 1, 1, 1, 1 ],

    [ GF(2) | 1, 0, 0, 0, 0, 0, 0, 0, 0, 1, 0, 0, 1, 1, 0, 0, 0, 0, 1, 0, 1, 1, 
    0, 0, 0, 0, 0, 1, 1, 0, 0, 0 ],

    [ GF(2) | 1, 0, 0, 0, 0, 0, 0, 0, 0, 1, 1, 0, 0, 0, 0, 0, 0, 0, 0, 1, 1, 0, 
    0, 0, 0, 0, 0, 0, 0, 1, 1, 0 ],

    [ GF(2) | 1, 0, 0, 0, 0, 0, 0, 0, 0, 1, 0, 0, 0, 1, 1, 0, 0, 0, 1, 0, 0, 1, 
    1, 0, 0, 0, 0, 1, 1, 0, 0, 0 ],

    [ GF(2) | 1, 0, 0, 0, 0, 0, 0, 0, 0, 1, 0, 0, 1, 1, 1, 0, 0, 0, 1, 0, 1, 1, 
    1, 0, 0, 0, 0, 1, 1, 0, 0, 0 ],

    [ GF(2) | 1, 0, 0, 0, 0, 0, 0, 0, 0, 1, 1, 0, 0, 0, 0, 0, 0, 0, 0, 1, 1, 0, 
    0, 0, 0, 0, 0, 0, 0, 1, 1, 1 ],

    [ GF(2) | 1, 0, 0, 0, 0, 0, 0, 0, 0, 1, 0, 0, 0, 1, 1, 1, 0, 0, 1, 0, 0, 1, 
    1, 1, 0, 0, 0, 1, 1, 0, 0, 0 ],

    [ GF(2) | 1, 0, 0, 0, 0, 0, 0, 0, 0, 1, 0, 0, 1, 1, 1, 1, 0, 0, 1, 0, 1, 1, 
    1, 1, 0, 0, 0, 1, 1, 0, 0, 0 ],

    [ GF(2) | 1, 0, 0, 0, 0, 0, 0, 0, 0, 1, 0, 0, 0, 1, 1, 0, 0, 0, 1, 0, 0, 1, 
    1, 0, 0, 0, 0, 1, 1, 1, 1, 0 ],

    [ GF(2) | 1, 0, 0, 0, 0, 0, 0, 0, 0, 1, 0, 0, 1, 1, 1, 0, 0, 0, 1, 0, 1, 1, 
    1, 0, 0, 0, 0, 1, 0, 1, 1, 0 ],

    [ GF(2) | 1, 0, 0, 0, 0, 0, 0, 0, 0, 1, 0, 1, 1, 0, 0, 0, 0, 0, 1, 1, 1, 0, 
    0, 0, 0, 0, 0, 0, 0, 1, 1, 1 ],

    [ GF(2) | 1, 0, 0, 0, 0, 0, 0, 0, 0, 1, 0, 0, 0, 1, 1, 1, 0, 0, 1, 0, 0, 1, 
    1, 1, 0, 0, 0, 1, 1, 1, 1, 1 ],

    [ GF(2) | 1, 0, 0, 0, 0, 0, 0, 0, 0, 1, 0, 0, 1, 1, 1, 1, 0, 0, 1, 0, 1, 1, 
    1, 1, 0, 0, 0, 1, 0, 1, 1, 1 ],

    [ GF(2) | 1, 0, 0, 0, 0, 0, 0, 0, 0, 1, 1, 0, 0, 0, 0, 0, 0, 0, 0, 1, 0, 0, 
    1, 1, 0, 0, 0, 0, 1, 1, 1, 1 ],

    [ GF(2) | 1, 0, 0, 0, 0, 0, 0, 0, 0, 1, 0, 0, 1, 1, 1, 1, 0, 0, 1, 0, 1, 1, 
    1, 1, 0, 0, 0, 1, 1, 1, 0, 0 ],

    [ GF(2) | 1, 0, 0, 0, 0, 0, 0, 0, 0, 1, 0, 1, 0, 0, 1, 1, 0, 0, 1, 1, 0, 0, 
    1, 1, 0, 0, 0, 0, 1, 1, 1, 1 ],

    [ GF(2) | 1, 0, 0, 0, 0, 0, 0, 0, 0, 1, 0, 0, 1, 1, 0, 0, 0, 0, 1, 0, 1, 0, 
    1, 0, 0, 0, 0, 1, 0, 1, 1, 0 ],

    [ GF(2) | 1, 0, 0, 0, 0, 0, 0, 0, 0, 1, 0, 0, 0, 0, 1, 1, 0, 0, 1, 1, 0, 0, 
    1, 1, 0, 0, 0, 0, 1, 1, 1, 1 ],

    [ GF(2) | 1, 0, 0, 0, 0, 0, 0, 0, 0, 1, 0, 0, 1, 1, 0, 0, 0, 0, 1, 0, 0, 0, 
    1, 1, 0, 0, 0, 1, 1, 1, 1, 1 ],

    [ GF(2) | 1, 0, 0, 0, 0, 0, 0, 0, 0, 1, 0, 0, 1, 1, 0, 0, 0, 0, 1, 0, 1, 0, 
    1, 1, 0, 0, 0, 1, 0, 1, 1, 1 ],

    [ GF(2) | 1, 0, 0, 0, 0, 0, 0, 0, 0, 1, 0, 0, 1, 0, 1, 1, 0, 0, 1, 0, 1, 1, 
    0, 1, 0, 0, 0, 1, 1, 1, 1, 0 ],

    [ GF(2) | 1, 0, 0, 0, 1, 0, 0, 0, 0, 1, 0, 0, 1, 0, 0, 0, 0, 0, 1, 0, 1, 0, 
    0, 0, 0, 0, 0, 1, 1, 0, 0, 0 ],

    [ GF(2) | 1, 0, 0, 1, 0, 0, 0, 0, 0, 1, 0, 1, 0, 0, 0, 0, 0, 0, 1, 1, 0, 0, 
    0, 0, 0, 0, 0, 0, 1, 1, 0, 0 ],

    [ GF(2) | 1, 0, 0, 0, 1, 1, 0, 0, 0, 1, 0, 0, 1, 1, 0, 0, 0, 0, 1, 0, 1, 1, 
    0, 0, 0, 0, 0, 1, 1, 1, 0, 0 ],

    [ GF(2) | 1, 0, 0, 1, 0, 0, 0, 0, 0, 1, 0, 1, 0, 0, 0, 0, 0, 0, 1, 1, 0, 0, 
    0, 0, 0, 0, 0, 0, 1, 1, 1, 0 ],

    [ GF(2) | 1, 0, 0, 0, 1, 1, 1, 0, 0, 1, 0, 0, 1, 1, 1, 0, 0, 0, 1, 0, 1, 1, 
    1, 0, 0, 0, 0, 1, 1, 1, 1, 0 ],

    [ GF(2) | 1, 0, 0, 1, 0, 0, 0, 0, 0, 1, 0, 1, 0, 0, 0, 0, 0, 0, 1, 1, 0, 0, 
    0, 0, 0, 0, 0, 0, 1, 1, 1, 1 ],

    [ GF(2) | 1, 0, 0, 0, 1, 1, 1, 1, 0, 1, 0, 0, 1, 1, 1, 1, 0, 0, 1, 0, 1, 1, 
    1, 1, 0, 0, 0, 1, 1, 1, 1, 1 ],

    [ GF(2) | 1, 0, 1, 0, 0, 0, 0, 0, 0, 1, 1, 0, 0, 0, 0, 0, 0, 0, 0, 1, 0, 1, 
    0, 0, 0, 0, 0, 0, 1, 1, 0, 0 ],

    [ GF(2) | 1, 0, 0, 0, 1, 1, 0, 0, 0, 1, 0, 0, 1, 1, 0, 0, 0, 0, 1, 0, 1, 1, 
    0, 0, 0, 0, 0, 1, 1, 0, 0, 0 ],

    [ GF(2) | 1, 0, 1, 0, 0, 0, 0, 0, 0, 1, 1, 0, 0, 0, 0, 0, 0, 0, 0, 1, 1, 0, 
    0, 0, 0, 0, 0, 0, 0, 1, 1, 0 ],

    [ GF(2) | 1, 0, 0, 0, 0, 1, 1, 0, 0, 1, 0, 0, 0, 1, 1, 0, 0, 0, 1, 0, 0, 1, 
    1, 0, 0, 0, 0, 1, 1, 0, 0, 0 ],

    [ GF(2) | 1, 0, 1, 0, 0, 0, 0, 0, 0, 1, 1, 0, 0, 0, 0, 0, 0, 0, 0, 1, 0, 1, 
    1, 0, 0, 0, 0, 0, 1, 1, 1, 0 ],

    [ GF(2) | 1, 0, 0, 0, 1, 1, 1, 0, 0, 1, 0, 0, 1, 1, 1, 0, 0, 0, 1, 0, 1, 1, 
    1, 0, 0, 0, 0, 1, 1, 0, 0, 0 ],

    [ GF(2) | 1, 0, 1, 0, 0, 0, 0, 0, 0, 1, 1, 0, 0, 0, 0, 0, 0, 0, 0, 1, 1, 0, 
    0, 0, 0, 0, 0, 0, 0, 1, 1, 1 ],

    [ GF(2) | 1, 0, 0, 0, 0, 1, 1, 1, 0, 1, 0, 0, 0, 1, 1, 1, 0, 0, 1, 0, 0, 1, 
    1, 1, 0, 0, 0, 1, 1, 0, 0, 0 ],

    [ GF(2) | 1, 0, 1, 0, 0, 0, 0, 0, 0, 1, 1, 0, 0, 0, 0, 0, 0, 0, 0, 1, 0, 1, 
    1, 1, 0, 0, 0, 0, 1, 1, 1, 1 ],

    [ GF(2) | 1, 0, 0, 0, 1, 1, 1, 1, 0, 1, 0, 0, 1, 1, 1, 1, 0, 0, 1, 0, 1, 1, 
    1, 1, 0, 0, 0, 1, 1, 0, 0, 0 ],

    [ GF(2) | 1, 0, 0, 0, 0, 1, 1, 0, 0, 1, 0, 0, 0, 1, 1, 0, 0, 0, 1, 0, 0, 1, 
    1, 0, 0, 0, 0, 1, 1, 1, 1, 0 ],

    [ GF(2) | 1, 0, 0, 0, 1, 1, 1, 0, 0, 1, 0, 0, 1, 1, 1, 0, 0, 0, 1, 0, 1, 1, 
    1, 0, 0, 0, 0, 1, 0, 1, 1, 0 ],

    [ GF(2) | 1, 0, 0, 1, 1, 0, 0, 0, 0, 1, 0, 1, 1, 0, 0, 0, 0, 0, 1, 1, 1, 0, 
    0, 0, 0, 0, 0, 0, 0, 1, 1, 1 ],

    [ GF(2) | 1, 0, 0, 0, 0, 1, 1, 1, 0, 1, 0, 0, 0, 1, 1, 1, 0, 0, 1, 0, 0, 1, 
    1, 1, 0, 0, 0, 1, 1, 1, 1, 1 ],

    [ GF(2) | 1, 0, 0, 0, 1, 1, 1, 1, 0, 1, 0, 0, 1, 1, 1, 1, 0, 0, 1, 0, 1, 1, 
    1, 1, 0, 0, 0, 1, 0, 1, 1, 1 ],

    [ GF(2) | 1, 0, 1, 0, 0, 0, 0, 0, 0, 1, 1, 0, 0, 0, 0, 0, 0, 0, 0, 1, 0, 0, 
    1, 1, 0, 0, 0, 0, 1, 1, 1, 1 ],

    [ GF(2) | 1, 0, 0, 0, 1, 1, 1, 1, 0, 1, 0, 0, 1, 1, 1, 1, 0, 0, 1, 0, 1, 1, 
    1, 1, 0, 0, 0, 1, 1, 1, 0, 0 ],

    [ GF(2) | 1, 0, 0, 1, 0, 0, 1, 1, 0, 1, 0, 1, 0, 0, 1, 1, 0, 0, 1, 1, 0, 0, 
    1, 1, 0, 0, 0, 0, 1, 1, 1, 1 ],

    [ GF(2) | 1, 0, 0, 1, 0, 1, 0, 0, 0, 1, 0, 1, 0, 1, 0, 0, 0, 0, 1, 1, 0, 0, 
    0, 0, 0, 0, 0, 0, 1, 1, 0, 0 ],

    [ GF(2) | 1, 0, 0, 1, 1, 0, 0, 0, 0, 1, 0, 1, 1, 0, 0, 0, 0, 0, 1, 1, 0, 0, 
    0, 0, 0, 0, 0, 0, 0, 1, 1, 0 ],

    [ GF(2) | 1, 0, 0, 0, 0, 1, 1, 0, 0, 1, 0, 0, 0, 1, 1, 0, 0, 0, 1, 0, 1, 1, 
    1, 0, 0, 0, 0, 1, 1, 1, 1, 0 ],

    [ GF(2) | 1, 0, 0, 1, 0, 1, 1, 0, 0, 1, 0, 1, 0, 1, 1, 0, 0, 0, 1, 1, 0, 0, 
    0, 0, 0, 0, 0, 0, 1, 1, 1, 0 ],

    [ GF(2) | 1, 0, 0, 1, 1, 0, 0, 0, 0, 1, 0, 1, 1, 0, 0, 0, 0, 0, 1, 1, 0, 0, 
    0, 0, 0, 0, 0, 0, 0, 1, 1, 1 ],

    [ GF(2) | 1, 0, 0, 0, 0, 1, 1, 1, 0, 1, 0, 0, 0, 1, 1, 1, 0, 0, 1, 0, 1, 1, 
    1, 1, 0, 0, 0, 1, 1, 1, 1, 1 ],

    [ GF(2) | 1, 0, 0, 1, 0, 1, 1, 1, 0, 1, 0, 1, 0, 1, 1, 1, 0, 0, 1, 1, 0, 0, 
    0, 0, 0, 0, 0, 0, 1, 1, 1, 1 ],

    [ GF(2) | 1, 0, 0, 1, 0, 1, 1, 0, 0, 1, 0, 1, 0, 1, 1, 0, 0, 0, 1, 1, 0, 0, 
    0, 0, 0, 0, 0, 0, 1, 1, 0, 0 ],

    [ GF(2) | 1, 1, 0, 0, 0, 0, 0, 0, 0, 0, 1, 1, 0, 0, 0, 0, 0, 0, 0, 0, 1, 1, 
    0, 0, 0, 0, 0, 0, 0, 0, 1, 1 ],

    [ GF(2) | 1, 0, 0, 0, 0, 0, 1, 1, 0, 1, 0, 0, 0, 0, 1, 1, 0, 0, 1, 1, 0, 0, 
    0, 0, 0, 0, 0, 0, 1, 1, 0, 0 ],

    [ GF(2) | 1, 0, 0, 1, 0, 0, 1, 1, 0, 1, 0, 1, 0, 0, 1, 1, 0, 0, 1, 1, 0, 0, 
    0, 0, 0, 0, 0, 0, 1, 1, 0, 0 ],

    [ GF(2) | 1, 0, 0, 1, 0, 1, 1, 1, 0, 1, 0, 1, 0, 1, 1, 1, 0, 0, 1, 1, 0, 0, 
    0, 0, 0, 0, 0, 0, 1, 1, 0, 0 ],

    [ GF(2) | 1, 0, 0, 0, 1, 1, 0, 0, 0, 1, 0, 0, 1, 1, 0, 0, 0, 0, 1, 0, 1, 0, 
    1, 0, 0, 0, 0, 1, 1, 0, 1, 0 ],

    [ GF(2) | 1, 0, 0, 0, 0, 0, 1, 1, 0, 1, 0, 0, 0, 0, 1, 1, 0, 0, 1, 1, 0, 0, 
    0, 0, 0, 0, 0, 0, 1, 1, 1, 1 ],

    [ GF(2) | 1, 0, 0, 0, 1, 1, 0, 0, 0, 1, 0, 0, 1, 1, 0, 0, 0, 0, 1, 0, 0, 0, 
    1, 1, 0, 0, 0, 1, 0, 0, 1, 1 ],

    [ GF(2) | 1, 0, 0, 0, 1, 1, 0, 0, 0, 1, 0, 0, 1, 1, 0, 0, 0, 0, 1, 0, 1, 1, 
    1, 1, 0, 0, 0, 1, 1, 1, 1, 1 ],

    [ GF(2) | 1, 0, 0, 0, 0, 1, 1, 1, 0, 1, 0, 0, 0, 1, 1, 1, 0, 0, 1, 1, 0, 0, 
    0, 0, 0, 0, 0, 0, 1, 0, 1, 1 ],

    [ GF(2) | 1, 0, 0, 0, 1, 1, 0, 0, 0, 1, 0, 0, 1, 1, 0, 0, 0, 0, 1, 0, 1, 0, 
    1, 1, 0, 0, 0, 1, 1, 0, 1, 1 ],

    [ GF(2) | 1, 0, 0, 1, 0, 0, 1, 1, 0, 1, 0, 1, 0, 0, 1, 1, 0, 0, 1, 1, 0, 0, 
    0, 0, 0, 0, 0, 0, 1, 1, 1, 1 ],

    [ GF(2) | 1, 0, 0, 1, 0, 1, 1, 1, 0, 1, 0, 1, 0, 1, 1, 1, 0, 0, 1, 1, 0, 0, 
    0, 0, 0, 0, 0, 0, 1, 0, 1, 1 ],

    [ GF(2) | 1, 0, 0, 0, 1, 0, 1, 1, 0, 1, 0, 0, 1, 0, 1, 1, 0, 0, 1, 0, 0, 1, 
    1, 1, 0, 0, 0, 1, 0, 1, 1, 1 ],

    [ GF(2) | 1, 0, 0, 0, 1, 1, 0, 0, 0, 1, 0, 0, 1, 1, 0, 0, 0, 0, 1, 0, 1, 0, 
    1, 0, 0, 0, 0, 1, 0, 1, 1, 0 ],

    [ GF(2) | 1, 0, 0, 0, 0, 0, 1, 1, 0, 1, 0, 0, 0, 0, 1, 1, 0, 0, 1, 1, 0, 0, 
    1, 1, 0, 0, 0, 0, 1, 1, 1, 1 ],

    [ GF(2) | 1, 0, 0, 0, 1, 1, 0, 0, 0, 1, 0, 0, 1, 1, 0, 0, 0, 0, 1, 0, 0, 0, 
    1, 1, 0, 0, 0, 1, 1, 1, 1, 1 ],

    [ GF(2) | 1, 0, 0, 0, 1, 1, 0, 0, 0, 1, 0, 0, 1, 1, 0, 0, 0, 0, 1, 0, 1, 0, 
    1, 1, 0, 0, 0, 1, 0, 1, 1, 1 ],

    [ GF(2) | 1, 0, 0, 1, 0, 0, 1, 1, 0, 1, 0, 1, 0, 0, 1, 1, 0, 0, 1, 0, 0, 0, 
    1, 1, 0, 0, 0, 0, 1, 1, 1, 1 ],

    [ GF(2) | 1, 0, 0, 0, 1, 1, 1, 1, 0, 1, 0, 0, 1, 1, 1, 1, 0, 0, 1, 0, 1, 1, 
    0, 0, 0, 0, 0, 1, 0, 0, 1, 1 ],

    [ GF(2) | 1, 0, 0, 1, 0, 1, 1, 1, 0, 1, 0, 1, 0, 1, 1, 1, 0, 0, 1, 0, 0, 1, 
    1, 1, 0, 0, 0, 0, 1, 0, 1, 1 ],

    [ GF(2) | 1, 0, 0, 0, 1, 0, 1, 1, 0, 1, 0, 0, 1, 0, 1, 1, 0, 0, 1, 0, 1, 1, 
    0, 0, 0, 0, 0, 1, 0, 1, 1, 1 ],

    [ GF(2) | 1, 1, 0, 0, 0, 0, 0, 0, 0, 0, 1, 0, 0, 1, 1, 0, 0, 0, 0, 1, 0, 1, 
    0, 1, 0, 0, 0, 0, 1, 0, 1, 1 ],

    [ GF(2) | 1, 0, 0, 0, 1, 0, 1, 1, 0, 1, 0, 0, 1, 0, 1, 1, 0, 0, 1, 0, 0, 1, 
    1, 0, 0, 0, 0, 1, 1, 1, 1, 0 ],

    [ GF(2) | 1, 0, 0, 0, 1, 0, 1, 1, 0, 1, 0, 0, 1, 0, 1, 1, 0, 0, 1, 0, 1, 1, 
    0, 1, 0, 0, 0, 1, 1, 1, 1, 0 ],

    [ GF(2) | 1, 0, 0, 0, 0, 1, 1, 0, 0, 1, 0, 0, 1, 0, 1, 0, 0, 0, 1, 0, 1, 1, 
    0, 0, 0, 0, 0, 1, 1, 1, 1, 0 ],

    [ GF(2) | 1, 0, 0, 0, 0, 0, 1, 1, 0, 1, 0, 0, 1, 1, 1, 1, 0, 0, 1, 0, 1, 1, 
    0, 0, 0, 0, 0, 1, 1, 0, 1, 1 ],

    [ GF(2) | 1, 0, 0, 0, 0, 1, 1, 1, 0, 1, 0, 0, 1, 0, 1, 1, 0, 0, 1, 0, 1, 1, 
    0, 0, 0, 0, 0, 1, 1, 1, 1, 1 ],

    [ GF(2) | 1, 0, 0, 0, 0, 1, 1, 0, 0, 1, 0, 0, 1, 0, 1, 1, 0, 0, 1, 0, 1, 1, 
    0, 1, 0, 0, 0, 1, 1, 1, 1, 0 ],

    [ GF(2) | 1, 0, 0, 0, 1, 1, 0, 1, 0, 1, 0, 0, 0, 1, 1, 0, 0, 0, 1, 0, 1, 0, 
    1, 1, 0, 0, 0, 1, 0, 1, 0, 1 ],

    [ GF(2) | 1, 0, 0, 1, 0, 1, 1, 0, 0, 1, 0, 1, 0, 1, 0, 1, 0, 0, 1, 1, 0, 0, 
    1, 1, 0, 0, 0, 0, 1, 1, 1, 1 ]
]
\[ 8, 4 ]
[ KMatrixSpace(GF(2), 4, 8) |
    [ GF(2) | 1, 0, 0, 0, 0, 0, 0, 0, 0, 1, 0, 0, 0, 0, 0, 0, 0, 0, 1, 0, 0, 0, 
    0, 0, 0, 0, 0, 1, 0, 0, 0, 0 ],

    [ GF(2) | 1, 0, 0, 0, 0, 0, 0, 0, 0, 1, 0, 0, 0, 0, 0, 0, 0, 0, 1, 0, 0, 0, 
    0, 0, 0, 0, 0, 1, 1, 0, 0, 0 ],

    [ GF(2) | 1, 0, 0, 0, 0, 0, 0, 0, 0, 1, 0, 0, 0, 0, 0, 0, 0, 0, 1, 0, 0, 0, 
    0, 0, 0, 0, 0, 1, 1, 1, 0, 0 ],

    [ GF(2) | 1, 0, 0, 0, 0, 0, 0, 0, 0, 1, 0, 0, 0, 0, 0, 0, 0, 0, 1, 0, 0, 0, 
    0, 0, 0, 0, 0, 1, 1, 1, 1, 0 ],

    [ GF(2) | 1, 0, 0, 0, 0, 0, 0, 0, 0, 1, 0, 0, 0, 0, 0, 0, 0, 0, 1, 0, 0, 0, 
    0, 0, 0, 0, 0, 1, 1, 1, 1, 1 ],

    [ GF(2) | 1, 0, 0, 0, 0, 0, 0, 0, 0, 1, 0, 0, 0, 0, 0, 0, 0, 0, 1, 0, 1, 0, 
    0, 0, 0, 0, 0, 1, 1, 0, 0, 0 ],

    [ GF(2) | 1, 0, 0, 0, 0, 0, 0, 0, 0, 1, 0, 0, 0, 0, 0, 0, 0, 0, 1, 1, 0, 0, 
    0, 0, 0, 0, 0, 0, 1, 1, 0, 0 ],

    [ GF(2) | 1, 0, 0, 0, 0, 0, 0, 0, 0, 1, 0, 0, 0, 0, 0, 0, 0, 0, 1, 0, 1, 1, 
    0, 0, 0, 0, 0, 1, 1, 1, 0, 0 ],

    [ GF(2) | 1, 0, 0, 0, 0, 0, 0, 0, 0, 1, 0, 0, 0, 0, 0, 0, 0, 0, 1, 1, 0, 0, 
    0, 0, 0, 0, 0, 0, 1, 1, 1, 0 ],

    [ GF(2) | 1, 0, 0, 0, 0, 0, 0, 0, 0, 1, 0, 0, 0, 0, 0, 0, 0, 0, 1, 0, 1, 1, 
    1, 0, 0, 0, 0, 1, 1, 1, 1, 0 ],

    [ GF(2) | 1, 0, 0, 0, 0, 0, 0, 0, 0, 1, 0, 0, 0, 0, 0, 0, 0, 0, 1, 1, 0, 0, 
    0, 0, 0, 0, 0, 0, 1, 1, 1, 1 ],

    [ GF(2) | 1, 0, 0, 0, 0, 0, 0, 0, 0, 1, 0, 0, 0, 0, 0, 0, 0, 0, 1, 0, 1, 1, 
    1, 1, 0, 0, 0, 1, 1, 1, 1, 1 ],

    [ GF(2) | 1, 0, 0, 0, 0, 0, 0, 0, 0, 1, 0, 0, 0, 0, 0, 0, 0, 0, 1, 0, 0, 1, 
    1, 0, 0, 0, 0, 1, 1, 1, 1, 0 ],

    [ GF(2) | 1, 0, 0, 0, 0, 0, 0, 0, 0, 1, 0, 0, 0, 0, 0, 0, 0, 0, 1, 1, 1, 0, 
    0, 0, 0, 0, 0, 0, 0, 1, 1, 1 ],

    [ GF(2) | 1, 0, 0, 0, 0, 0, 0, 0, 0, 1, 0, 0, 0, 0, 0, 0, 0, 0, 1, 0, 0, 1, 
    1, 1, 0, 0, 0, 1, 1, 1, 1, 1 ],

    [ GF(2) | 1, 0, 0, 0, 0, 0, 0, 0, 0, 1, 0, 0, 0, 0, 0, 0, 0, 0, 1, 1, 0, 0, 
    1, 1, 0, 0, 0, 0, 1, 1, 1, 1 ],

    [ GF(2) | 1, 0, 0, 0, 0, 0, 0, 0, 0, 1, 0, 0, 1, 0, 0, 0, 0, 0, 1, 0, 1, 0, 
    0, 0, 0, 0, 0, 1, 1, 0, 0, 0 ],

    [ GF(2) | 1, 0, 0, 0, 0, 0, 0, 0, 0, 1, 0, 1, 0, 0, 0, 0, 0, 0, 1, 1, 0, 0, 
    0, 0, 0, 0, 0, 0, 1, 1, 0, 0 ],

    [ GF(2) | 1, 0, 0, 0, 0, 0, 0, 0, 0, 1, 0, 0, 1, 1, 0, 0, 0, 0, 1, 0, 1, 1, 
    0, 0, 0, 0, 0, 1, 1, 1, 0, 0 ],

    [ GF(2) | 1, 0, 0, 0, 0, 0, 0, 0, 0, 1, 0, 1, 0, 0, 0, 0, 0, 0, 1, 1, 0, 0, 
    0, 0, 0, 0, 0, 0, 1, 1, 1, 0 ],

    [ GF(2) | 1, 0, 0, 0, 0, 0, 0, 0, 0, 1, 0, 0, 1, 1, 1, 0, 0, 0, 1, 0, 1, 1, 
    1, 0, 0, 0, 0, 1, 1, 1, 1, 0 ],

    [ GF(2) | 1, 0, 0, 0, 0, 0, 0, 0, 0, 1, 0, 1, 0, 0, 0, 0, 0, 0, 1, 1, 0, 0, 
    0, 0, 0, 0, 0, 0, 1, 1, 1, 1 ],

    [ GF(2) | 1, 0, 0, 0, 0, 0, 0, 0, 0, 1, 0, 0, 1, 1, 1, 1, 0, 0, 1, 0, 1, 1, 
    1, 1, 0, 0, 0, 1, 1, 1, 1, 1 ],

    [ GF(2) | 1, 0, 0, 0, 0, 0, 0, 0, 0, 1, 0, 0, 1, 1, 0, 0, 0, 0, 1, 0, 1, 1, 
    0, 0, 0, 0, 0, 1, 1, 0, 0, 0 ],

    [ GF(2) | 1, 0, 0, 0, 0, 0, 0, 0, 0, 1, 1, 0, 0, 0, 0, 0, 0, 0, 0, 1, 1, 0, 
    0, 0, 0, 0, 0, 0, 0, 1, 1, 0 ],

    [ GF(2) | 1, 0, 0, 0, 0, 0, 0, 0, 0, 1, 0, 0, 0, 1, 1, 0, 0, 0, 1, 0, 0, 1, 
    1, 0, 0, 0, 0, 1, 1, 0, 0, 0 ],

    [ GF(2) | 1, 0, 0, 0, 0, 0, 0, 0, 0, 1, 0, 0, 1, 1, 1, 0, 0, 0, 1, 0, 1, 1, 
    1, 0, 0, 0, 0, 1, 1, 0, 0, 0 ],

    [ GF(2) | 1, 0, 0, 0, 0, 0, 0, 0, 0, 1, 1, 0, 0, 0, 0, 0, 0, 0, 0, 1, 1, 0, 
    0, 0, 0, 0, 0, 0, 0, 1, 1, 1 ],

    [ GF(2) | 1, 0, 0, 0, 0, 0, 0, 0, 0, 1, 0, 0, 0, 1, 1, 1, 0, 0, 1, 0, 0, 1, 
    1, 1, 0, 0, 0, 1, 1, 0, 0, 0 ],

    [ GF(2) | 1, 0, 0, 0, 0, 0, 0, 0, 0, 1, 0, 0, 1, 1, 1, 1, 0, 0, 1, 0, 1, 1, 
    1, 1, 0, 0, 0, 1, 1, 0, 0, 0 ],

    [ GF(2) | 1, 0, 0, 0, 0, 0, 0, 0, 0, 1, 0, 0, 0, 1, 1, 0, 0, 0, 1, 0, 0, 1, 
    1, 0, 0, 0, 0, 1, 1, 1, 1, 0 ],

    [ GF(2) | 1, 0, 0, 0, 0, 0, 0, 0, 0, 1, 0, 0, 1, 1, 1, 0, 0, 0, 1, 0, 1, 1, 
    1, 0, 0, 0, 0, 1, 0, 1, 1, 0 ],

    [ GF(2) | 1, 0, 0, 0, 0, 0, 0, 0, 0, 1, 0, 1, 1, 0, 0, 0, 0, 0, 1, 1, 1, 0, 
    0, 0, 0, 0, 0, 0, 0, 1, 1, 1 ],

    [ GF(2) | 1, 0, 0, 0, 0, 0, 0, 0, 0, 1, 0, 0, 0, 1, 1, 1, 0, 0, 1, 0, 0, 1, 
    1, 1, 0, 0, 0, 1, 1, 1, 1, 1 ],

    [ GF(2) | 1, 0, 0, 0, 0, 0, 0, 0, 0, 1, 0, 0, 1, 1, 1, 1, 0, 0, 1, 0, 1, 1, 
    1, 1, 0, 0, 0, 1, 0, 1, 1, 1 ],

    [ GF(2) | 1, 0, 0, 0, 0, 0, 0, 0, 0, 1, 1, 0, 0, 0, 0, 0, 0, 0, 0, 1, 0, 0, 
    1, 1, 0, 0, 0, 0, 1, 1, 1, 1 ],

    [ GF(2) | 1, 0, 0, 0, 0, 0, 0, 0, 0, 1, 0, 0, 1, 1, 1, 1, 0, 0, 1, 0, 1, 1, 
    1, 1, 0, 0, 0, 1, 1, 1, 0, 0 ],

    [ GF(2) | 1, 0, 0, 0, 0, 0, 0, 0, 0, 1, 0, 1, 0, 0, 1, 1, 0, 0, 1, 1, 0, 0, 
    1, 1, 0, 0, 0, 0, 1, 1, 1, 1 ],

    [ GF(2) | 1, 0, 0, 0, 0, 0, 0, 0, 0, 1, 0, 0, 1, 1, 0, 0, 0, 0, 1, 0, 1, 0, 
    1, 0, 0, 0, 0, 1, 0, 1, 1, 0 ],

    [ GF(2) | 1, 0, 0, 0, 0, 0, 0, 0, 0, 1, 0, 0, 0, 0, 1, 1, 0, 0, 1, 1, 0, 0, 
    1, 1, 0, 0, 0, 0, 1, 1, 1, 1 ],

    [ GF(2) | 1, 0, 0, 0, 0, 0, 0, 0, 0, 1, 0, 0, 1, 1, 0, 0, 0, 0, 1, 0, 0, 0, 
    1, 1, 0, 0, 0, 1, 1, 1, 1, 1 ],

    [ GF(2) | 1, 0, 0, 0, 0, 0, 0, 0, 0, 1, 0, 0, 1, 1, 0, 0, 0, 0, 1, 0, 1, 0, 
    1, 1, 0, 0, 0, 1, 0, 1, 1, 1 ],

    [ GF(2) | 1, 0, 0, 0, 0, 0, 0, 0, 0, 1, 0, 0, 1, 0, 1, 1, 0, 0, 1, 0, 1, 1, 
    0, 1, 0, 0, 0, 1, 1, 1, 1, 0 ],

    [ GF(2) | 1, 0, 0, 0, 1, 0, 0, 0, 0, 1, 0, 0, 1, 0, 0, 0, 0, 0, 1, 0, 1, 0, 
    0, 0, 0, 0, 0, 1, 1, 0, 0, 0 ],

    [ GF(2) | 1, 0, 0, 1, 0, 0, 0, 0, 0, 1, 0, 1, 0, 0, 0, 0, 0, 0, 1, 1, 0, 0, 
    0, 0, 0, 0, 0, 0, 1, 1, 0, 0 ],

    [ GF(2) | 1, 0, 0, 0, 1, 1, 0, 0, 0, 1, 0, 0, 1, 1, 0, 0, 0, 0, 1, 0, 1, 1, 
    0, 0, 0, 0, 0, 1, 1, 1, 0, 0 ],

    [ GF(2) | 1, 0, 0, 1, 0, 0, 0, 0, 0, 1, 0, 1, 0, 0, 0, 0, 0, 0, 1, 1, 0, 0, 
    0, 0, 0, 0, 0, 0, 1, 1, 1, 0 ],

    [ GF(2) | 1, 0, 0, 0, 1, 1, 1, 0, 0, 1, 0, 0, 1, 1, 1, 0, 0, 0, 1, 0, 1, 1, 
    1, 0, 0, 0, 0, 1, 1, 1, 1, 0 ],

    [ GF(2) | 1, 0, 0, 1, 0, 0, 0, 0, 0, 1, 0, 1, 0, 0, 0, 0, 0, 0, 1, 1, 0, 0, 
    0, 0, 0, 0, 0, 0, 1, 1, 1, 1 ],

    [ GF(2) | 1, 0, 0, 0, 1, 1, 1, 1, 0, 1, 0, 0, 1, 1, 1, 1, 0, 0, 1, 0, 1, 1, 
    1, 1, 0, 0, 0, 1, 1, 1, 1, 1 ],

    [ GF(2) | 1, 0, 1, 0, 0, 0, 0, 0, 0, 1, 1, 0, 0, 0, 0, 0, 0, 0, 0, 1, 0, 1, 
    0, 0, 0, 0, 0, 0, 1, 1, 0, 0 ],

    [ GF(2) | 1, 0, 0, 0, 1, 1, 0, 0, 0, 1, 0, 0, 1, 1, 0, 0, 0, 0, 1, 0, 1, 1, 
    0, 0, 0, 0, 0, 1, 1, 0, 0, 0 ],

    [ GF(2) | 1, 0, 1, 0, 0, 0, 0, 0, 0, 1, 1, 0, 0, 0, 0, 0, 0, 0, 0, 1, 1, 0, 
    0, 0, 0, 0, 0, 0, 0, 1, 1, 0 ],

    [ GF(2) | 1, 0, 0, 0, 0, 1, 1, 0, 0, 1, 0, 0, 0, 1, 1, 0, 0, 0, 1, 0, 0, 1, 
    1, 0, 0, 0, 0, 1, 1, 0, 0, 0 ],

    [ GF(2) | 1, 0, 1, 0, 0, 0, 0, 0, 0, 1, 1, 0, 0, 0, 0, 0, 0, 0, 0, 1, 0, 1, 
    1, 0, 0, 0, 0, 0, 1, 1, 1, 0 ],

    [ GF(2) | 1, 0, 0, 0, 1, 1, 1, 0, 0, 1, 0, 0, 1, 1, 1, 0, 0, 0, 1, 0, 1, 1, 
    1, 0, 0, 0, 0, 1, 1, 0, 0, 0 ],

    [ GF(2) | 1, 0, 1, 0, 0, 0, 0, 0, 0, 1, 1, 0, 0, 0, 0, 0, 0, 0, 0, 1, 1, 0, 
    0, 0, 0, 0, 0, 0, 0, 1, 1, 1 ],

    [ GF(2) | 1, 0, 0, 0, 0, 1, 1, 1, 0, 1, 0, 0, 0, 1, 1, 1, 0, 0, 1, 0, 0, 1, 
    1, 1, 0, 0, 0, 1, 1, 0, 0, 0 ],

    [ GF(2) | 1, 0, 1, 0, 0, 0, 0, 0, 0, 1, 1, 0, 0, 0, 0, 0, 0, 0, 0, 1, 0, 1, 
    1, 1, 0, 0, 0, 0, 1, 1, 1, 1 ],

    [ GF(2) | 1, 0, 0, 0, 1, 1, 1, 1, 0, 1, 0, 0, 1, 1, 1, 1, 0, 0, 1, 0, 1, 1, 
    1, 1, 0, 0, 0, 1, 1, 0, 0, 0 ],

    [ GF(2) | 1, 0, 0, 0, 0, 1, 1, 0, 0, 1, 0, 0, 0, 1, 1, 0, 0, 0, 1, 0, 0, 1, 
    1, 0, 0, 0, 0, 1, 1, 1, 1, 0 ],

    [ GF(2) | 1, 0, 0, 0, 1, 1, 1, 0, 0, 1, 0, 0, 1, 1, 1, 0, 0, 0, 1, 0, 1, 1, 
    1, 0, 0, 0, 0, 1, 0, 1, 1, 0 ],

    [ GF(2) | 1, 0, 0, 1, 1, 0, 0, 0, 0, 1, 0, 1, 1, 0, 0, 0, 0, 0, 1, 1, 1, 0, 
    0, 0, 0, 0, 0, 0, 0, 1, 1, 1 ],

    [ GF(2) | 1, 0, 0, 0, 0, 1, 1, 1, 0, 1, 0, 0, 0, 1, 1, 1, 0, 0, 1, 0, 0, 1, 
    1, 1, 0, 0, 0, 1, 1, 1, 1, 1 ],

    [ GF(2) | 1, 0, 0, 0, 1, 1, 1, 1, 0, 1, 0, 0, 1, 1, 1, 1, 0, 0, 1, 0, 1, 1, 
    1, 1, 0, 0, 0, 1, 0, 1, 1, 1 ],

    [ GF(2) | 1, 0, 1, 0, 0, 0, 0, 0, 0, 1, 1, 0, 0, 0, 0, 0, 0, 0, 0, 1, 0, 0, 
    1, 1, 0, 0, 0, 0, 1, 1, 1, 1 ],

    [ GF(2) | 1, 0, 0, 0, 1, 1, 1, 1, 0, 1, 0, 0, 1, 1, 1, 1, 0, 0, 1, 0, 1, 1, 
    1, 1, 0, 0, 0, 1, 1, 1, 0, 0 ],

    [ GF(2) | 1, 0, 0, 1, 0, 0, 1, 1, 0, 1, 0, 1, 0, 0, 1, 1, 0, 0, 1, 1, 0, 0, 
    1, 1, 0, 0, 0, 0, 1, 1, 1, 1 ],

    [ GF(2) | 1, 0, 0, 1, 0, 1, 0, 0, 0, 1, 0, 1, 0, 1, 0, 0, 0, 0, 1, 1, 0, 0, 
    0, 0, 0, 0, 0, 0, 1, 1, 0, 0 ],

    [ GF(2) | 1, 0, 0, 1, 1, 0, 0, 0, 0, 1, 0, 1, 1, 0, 0, 0, 0, 0, 1, 1, 0, 0, 
    0, 0, 0, 0, 0, 0, 0, 1, 1, 0 ],

    [ GF(2) | 1, 0, 0, 0, 0, 1, 1, 0, 0, 1, 0, 0, 0, 1, 1, 0, 0, 0, 1, 0, 1, 1, 
    1, 0, 0, 0, 0, 1, 1, 1, 1, 0 ],

    [ GF(2) | 1, 0, 0, 1, 0, 1, 1, 0, 0, 1, 0, 1, 0, 1, 1, 0, 0, 0, 1, 1, 0, 0, 
    0, 0, 0, 0, 0, 0, 1, 1, 1, 0 ],

    [ GF(2) | 1, 0, 0, 1, 1, 0, 0, 0, 0, 1, 0, 1, 1, 0, 0, 0, 0, 0, 1, 1, 0, 0, 
    0, 0, 0, 0, 0, 0, 0, 1, 1, 1 ],

    [ GF(2) | 1, 0, 0, 0, 0, 1, 1, 1, 0, 1, 0, 0, 0, 1, 1, 1, 0, 0, 1, 0, 1, 1, 
    1, 1, 0, 0, 0, 1, 1, 1, 1, 1 ],

    [ GF(2) | 1, 0, 0, 1, 0, 1, 1, 1, 0, 1, 0, 1, 0, 1, 1, 1, 0, 0, 1, 1, 0, 0, 
    0, 0, 0, 0, 0, 0, 1, 1, 1, 1 ],

    [ GF(2) | 1, 0, 0, 1, 0, 1, 1, 0, 0, 1, 0, 1, 0, 1, 1, 0, 0, 0, 1, 1, 0, 0, 
    0, 0, 0, 0, 0, 0, 1, 1, 0, 0 ],

    [ GF(2) | 1, 1, 0, 0, 0, 0, 0, 0, 0, 0, 1, 1, 0, 0, 0, 0, 0, 0, 0, 0, 1, 1, 
    0, 0, 0, 0, 0, 0, 0, 0, 1, 1 ],

    [ GF(2) | 1, 0, 0, 0, 0, 0, 1, 1, 0, 1, 0, 0, 0, 0, 1, 1, 0, 0, 1, 1, 0, 0, 
    0, 0, 0, 0, 0, 0, 1, 1, 0, 0 ],

    [ GF(2) | 1, 0, 0, 1, 0, 0, 1, 1, 0, 1, 0, 1, 0, 0, 1, 1, 0, 0, 1, 1, 0, 0, 
    0, 0, 0, 0, 0, 0, 1, 1, 0, 0 ],

    [ GF(2) | 1, 0, 0, 1, 0, 1, 1, 1, 0, 1, 0, 1, 0, 1, 1, 1, 0, 0, 1, 1, 0, 0, 
    0, 0, 0, 0, 0, 0, 1, 1, 0, 0 ],

    [ GF(2) | 1, 0, 0, 0, 1, 1, 0, 0, 0, 1, 0, 0, 1, 1, 0, 0, 0, 0, 1, 0, 1, 0, 
    1, 0, 0, 0, 0, 1, 1, 0, 1, 0 ],

    [ GF(2) | 1, 0, 0, 0, 0, 0, 1, 1, 0, 1, 0, 0, 0, 0, 1, 1, 0, 0, 1, 1, 0, 0, 
    0, 0, 0, 0, 0, 0, 1, 1, 1, 1 ],

    [ GF(2) | 1, 0, 0, 0, 1, 1, 0, 0, 0, 1, 0, 0, 1, 1, 0, 0, 0, 0, 1, 0, 0, 0, 
    1, 1, 0, 0, 0, 1, 0, 0, 1, 1 ],

    [ GF(2) | 1, 0, 0, 0, 1, 1, 0, 0, 0, 1, 0, 0, 1, 1, 0, 0, 0, 0, 1, 0, 1, 1, 
    1, 1, 0, 0, 0, 1, 1, 1, 1, 1 ],

    [ GF(2) | 1, 0, 0, 0, 0, 1, 1, 1, 0, 1, 0, 0, 0, 1, 1, 1, 0, 0, 1, 1, 0, 0, 
    0, 0, 0, 0, 0, 0, 1, 0, 1, 1 ],

    [ GF(2) | 1, 0, 0, 0, 1, 1, 0, 0, 0, 1, 0, 0, 1, 1, 0, 0, 0, 0, 1, 0, 1, 0, 
    1, 1, 0, 0, 0, 1, 1, 0, 1, 1 ],

    [ GF(2) | 1, 0, 0, 1, 0, 0, 1, 1, 0, 1, 0, 1, 0, 0, 1, 1, 0, 0, 1, 1, 0, 0, 
    0, 0, 0, 0, 0, 0, 1, 1, 1, 1 ],

    [ GF(2) | 1, 0, 0, 1, 0, 1, 1, 1, 0, 1, 0, 1, 0, 1, 1, 1, 0, 0, 1, 1, 0, 0, 
    0, 0, 0, 0, 0, 0, 1, 0, 1, 1 ],

    [ GF(2) | 1, 0, 0, 0, 1, 0, 1, 1, 0, 1, 0, 0, 1, 0, 1, 1, 0, 0, 1, 0, 0, 1, 
    1, 1, 0, 0, 0, 1, 0, 1, 1, 1 ],

    [ GF(2) | 1, 0, 0, 0, 1, 1, 0, 0, 0, 1, 0, 0, 1, 1, 0, 0, 0, 0, 1, 0, 1, 0, 
    1, 0, 0, 0, 0, 1, 0, 1, 1, 0 ],

    [ GF(2) | 1, 0, 0, 0, 0, 0, 1, 1, 0, 1, 0, 0, 0, 0, 1, 1, 0, 0, 1, 1, 0, 0, 
    1, 1, 0, 0, 0, 0, 1, 1, 1, 1 ],

    [ GF(2) | 1, 0, 0, 0, 1, 1, 0, 0, 0, 1, 0, 0, 1, 1, 0, 0, 0, 0, 1, 0, 0, 0, 
    1, 1, 0, 0, 0, 1, 1, 1, 1, 1 ],

    [ GF(2) | 1, 0, 0, 0, 1, 1, 0, 0, 0, 1, 0, 0, 1, 1, 0, 0, 0, 0, 1, 0, 1, 0, 
    1, 1, 0, 0, 0, 1, 0, 1, 1, 1 ],

    [ GF(2) | 1, 0, 0, 1, 0, 0, 1, 1, 0, 1, 0, 1, 0, 0, 1, 1, 0, 0, 1, 0, 0, 0, 
    1, 1, 0, 0, 0, 0, 1, 1, 1, 1 ],

    [ GF(2) | 1, 0, 0, 0, 1, 1, 1, 1, 0, 1, 0, 0, 1, 1, 1, 1, 0, 0, 1, 0, 1, 1, 
    0, 0, 0, 0, 0, 1, 0, 0, 1, 1 ],

    [ GF(2) | 1, 0, 0, 1, 0, 1, 1, 1, 0, 1, 0, 1, 0, 1, 1, 1, 0, 0, 1, 0, 0, 1, 
    1, 1, 0, 0, 0, 0, 1, 0, 1, 1 ],

    [ GF(2) | 1, 0, 0, 0, 1, 0, 1, 1, 0, 1, 0, 0, 1, 0, 1, 1, 0, 0, 1, 0, 1, 1, 
    0, 0, 0, 0, 0, 1, 0, 1, 1, 1 ],

    [ GF(2) | 1, 1, 0, 0, 0, 0, 0, 0, 0, 0, 1, 0, 0, 1, 1, 0, 0, 0, 0, 1, 0, 1, 
    0, 1, 0, 0, 0, 0, 1, 0, 1, 1 ],

    [ GF(2) | 1, 0, 0, 0, 1, 0, 1, 1, 0, 1, 0, 0, 1, 0, 1, 1, 0, 0, 1, 0, 0, 1, 
    1, 0, 0, 0, 0, 1, 1, 1, 1, 0 ],

    [ GF(2) | 1, 0, 0, 0, 1, 0, 1, 1, 0, 1, 0, 0, 1, 0, 1, 1, 0, 0, 1, 0, 1, 1, 
    0, 1, 0, 0, 0, 1, 1, 1, 1, 0 ],

    [ GF(2) | 1, 0, 0, 0, 0, 1, 1, 0, 0, 1, 0, 0, 1, 0, 1, 0, 0, 0, 1, 0, 1, 1, 
    0, 0, 0, 0, 0, 1, 1, 1, 1, 0 ],

    [ GF(2) | 1, 0, 0, 0, 0, 0, 1, 1, 0, 1, 0, 0, 1, 1, 1, 1, 0, 0, 1, 0, 1, 1, 
    0, 0, 0, 0, 0, 1, 1, 0, 1, 1 ],

    [ GF(2) | 1, 0, 0, 0, 0, 1, 1, 1, 0, 1, 0, 0, 1, 0, 1, 1, 0, 0, 1, 0, 1, 1, 
    0, 0, 0, 0, 0, 1, 1, 1, 1, 1 ],

    [ GF(2) | 1, 0, 0, 0, 0, 1, 1, 0, 0, 1, 0, 0, 1, 0, 1, 1, 0, 0, 1, 0, 1, 1, 
    0, 1, 0, 0, 0, 1, 1, 1, 1, 0 ],

    [ GF(2) | 1, 0, 0, 0, 1, 1, 0, 1, 0, 1, 0, 0, 0, 1, 1, 0, 0, 0, 1, 0, 1, 0, 
    1, 1, 0, 0, 0, 1, 0, 1, 0, 1 ],

    [ GF(2) | 1, 0, 0, 1, 0, 1, 1, 0, 0, 1, 0, 1, 0, 1, 0, 1, 0, 0, 1, 1, 0, 0, 
    1, 1, 0, 0, 0, 0, 1, 1, 1, 1 ]
]
\[ 8, 4 ]
[ KMatrixSpace(GF(2), 4, 8) |
    [ GF(2) | 1, 0, 0, 0, 0, 0, 0, 0, 0, 1, 0, 0, 0, 0, 0, 0, 0, 0, 1, 0, 0, 0, 
    0, 0, 0, 0, 0, 1, 0, 0, 0, 0 ],

    [ GF(2) | 1, 0, 0, 0, 0, 0, 0, 0, 0, 1, 0, 0, 0, 0, 0, 0, 0, 0, 1, 0, 0, 0, 
    0, 0, 0, 0, 0, 1, 1, 0, 0, 0 ],

    [ GF(2) | 1, 0, 0, 0, 0, 0, 0, 0, 0, 1, 0, 0, 0, 0, 0, 0, 0, 0, 1, 0, 0, 0, 
    0, 0, 0, 0, 0, 1, 1, 1, 0, 0 ],

    [ GF(2) | 1, 0, 0, 0, 0, 0, 0, 0, 0, 1, 0, 0, 0, 0, 0, 0, 0, 0, 1, 0, 0, 0, 
    0, 0, 0, 0, 0, 1, 1, 1, 1, 0 ],

    [ GF(2) | 1, 0, 0, 0, 0, 0, 0, 0, 0, 1, 0, 0, 0, 0, 0, 0, 0, 0, 1, 0, 0, 0, 
    0, 0, 0, 0, 0, 1, 1, 1, 1, 1 ],

    [ GF(2) | 1, 0, 0, 0, 0, 0, 0, 0, 0, 1, 0, 0, 0, 0, 0, 0, 0, 0, 1, 0, 1, 0, 
    0, 0, 0, 0, 0, 1, 1, 0, 0, 0 ],

    [ GF(2) | 1, 0, 0, 0, 0, 0, 0, 0, 0, 1, 0, 0, 0, 0, 0, 0, 0, 0, 1, 1, 0, 0, 
    0, 0, 0, 0, 0, 0, 1, 1, 0, 0 ],

    [ GF(2) | 1, 0, 0, 0, 0, 0, 0, 0, 0, 1, 0, 0, 0, 0, 0, 0, 0, 0, 1, 0, 1, 1, 
    0, 0, 0, 0, 0, 1, 1, 1, 0, 0 ],

    [ GF(2) | 1, 0, 0, 0, 0, 0, 0, 0, 0, 1, 0, 0, 0, 0, 0, 0, 0, 0, 1, 1, 0, 0, 
    0, 0, 0, 0, 0, 0, 1, 1, 1, 0 ],

    [ GF(2) | 1, 0, 0, 0, 0, 0, 0, 0, 0, 1, 0, 0, 0, 0, 0, 0, 0, 0, 1, 0, 1, 1, 
    1, 0, 0, 0, 0, 1, 1, 1, 1, 0 ],

    [ GF(2) | 1, 0, 0, 0, 0, 0, 0, 0, 0, 1, 0, 0, 0, 0, 0, 0, 0, 0, 1, 1, 0, 0, 
    0, 0, 0, 0, 0, 0, 1, 1, 1, 1 ],

    [ GF(2) | 1, 0, 0, 0, 0, 0, 0, 0, 0, 1, 0, 0, 0, 0, 0, 0, 0, 0, 1, 0, 1, 1, 
    1, 1, 0, 0, 0, 1, 1, 1, 1, 1 ],

    [ GF(2) | 1, 0, 0, 0, 0, 0, 0, 0, 0, 1, 0, 0, 0, 0, 0, 0, 0, 0, 1, 0, 0, 1, 
    1, 0, 0, 0, 0, 1, 1, 1, 1, 0 ],

    [ GF(2) | 1, 0, 0, 0, 0, 0, 0, 0, 0, 1, 0, 0, 0, 0, 0, 0, 0, 0, 1, 1, 1, 0, 
    0, 0, 0, 0, 0, 0, 0, 1, 1, 1 ],

    [ GF(2) | 1, 0, 0, 0, 0, 0, 0, 0, 0, 1, 0, 0, 0, 0, 0, 0, 0, 0, 1, 0, 0, 1, 
    1, 1, 0, 0, 0, 1, 1, 1, 1, 1 ],

    [ GF(2) | 1, 0, 0, 0, 0, 0, 0, 0, 0, 1, 0, 0, 0, 0, 0, 0, 0, 0, 1, 1, 0, 0, 
    1, 1, 0, 0, 0, 0, 1, 1, 1, 1 ],

    [ GF(2) | 1, 0, 0, 0, 0, 0, 0, 0, 0, 1, 0, 0, 1, 0, 0, 0, 0, 0, 1, 0, 1, 0, 
    0, 0, 0, 0, 0, 1, 1, 0, 0, 0 ],

    [ GF(2) | 1, 0, 0, 0, 0, 0, 0, 0, 0, 1, 0, 1, 0, 0, 0, 0, 0, 0, 1, 1, 0, 0, 
    0, 0, 0, 0, 0, 0, 1, 1, 0, 0 ],

    [ GF(2) | 1, 0, 0, 0, 0, 0, 0, 0, 0, 1, 0, 0, 1, 1, 0, 0, 0, 0, 1, 0, 1, 1, 
    0, 0, 0, 0, 0, 1, 1, 1, 0, 0 ],

    [ GF(2) | 1, 0, 0, 0, 0, 0, 0, 0, 0, 1, 0, 1, 0, 0, 0, 0, 0, 0, 1, 1, 0, 0, 
    0, 0, 0, 0, 0, 0, 1, 1, 1, 0 ],

    [ GF(2) | 1, 0, 0, 0, 0, 0, 0, 0, 0, 1, 0, 0, 1, 1, 1, 0, 0, 0, 1, 0, 1, 1, 
    1, 0, 0, 0, 0, 1, 1, 1, 1, 0 ],

    [ GF(2) | 1, 0, 0, 0, 0, 0, 0, 0, 0, 1, 0, 1, 0, 0, 0, 0, 0, 0, 1, 1, 0, 0, 
    0, 0, 0, 0, 0, 0, 1, 1, 1, 1 ],

    [ GF(2) | 1, 0, 0, 0, 0, 0, 0, 0, 0, 1, 0, 0, 1, 1, 1, 1, 0, 0, 1, 0, 1, 1, 
    1, 1, 0, 0, 0, 1, 1, 1, 1, 1 ],

    [ GF(2) | 1, 0, 0, 0, 0, 0, 0, 0, 0, 1, 0, 0, 1, 1, 0, 0, 0, 0, 1, 0, 1, 1, 
    0, 0, 0, 0, 0, 1, 1, 0, 0, 0 ],

    [ GF(2) | 1, 0, 0, 0, 0, 0, 0, 0, 0, 1, 1, 0, 0, 0, 0, 0, 0, 0, 0, 1, 1, 0, 
    0, 0, 0, 0, 0, 0, 0, 1, 1, 0 ],

    [ GF(2) | 1, 0, 0, 0, 0, 0, 0, 0, 0, 1, 0, 0, 0, 1, 1, 0, 0, 0, 1, 0, 0, 1, 
    1, 0, 0, 0, 0, 1, 1, 0, 0, 0 ],

    [ GF(2) | 1, 0, 0, 0, 0, 0, 0, 0, 0, 1, 0, 0, 1, 1, 1, 0, 0, 0, 1, 0, 1, 1, 
    1, 0, 0, 0, 0, 1, 1, 0, 0, 0 ],

    [ GF(2) | 1, 0, 0, 0, 0, 0, 0, 0, 0, 1, 1, 0, 0, 0, 0, 0, 0, 0, 0, 1, 1, 0, 
    0, 0, 0, 0, 0, 0, 0, 1, 1, 1 ],

    [ GF(2) | 1, 0, 0, 0, 0, 0, 0, 0, 0, 1, 0, 0, 0, 1, 1, 1, 0, 0, 1, 0, 0, 1, 
    1, 1, 0, 0, 0, 1, 1, 0, 0, 0 ],

    [ GF(2) | 1, 0, 0, 0, 0, 0, 0, 0, 0, 1, 0, 0, 1, 1, 1, 1, 0, 0, 1, 0, 1, 1, 
    1, 1, 0, 0, 0, 1, 1, 0, 0, 0 ],

    [ GF(2) | 1, 0, 0, 0, 0, 0, 0, 0, 0, 1, 0, 0, 0, 1, 1, 0, 0, 0, 1, 0, 0, 1, 
    1, 0, 0, 0, 0, 1, 1, 1, 1, 0 ],

    [ GF(2) | 1, 0, 0, 0, 0, 0, 0, 0, 0, 1, 0, 0, 1, 1, 1, 0, 0, 0, 1, 0, 1, 1, 
    1, 0, 0, 0, 0, 1, 0, 1, 1, 0 ],

    [ GF(2) | 1, 0, 0, 0, 0, 0, 0, 0, 0, 1, 0, 1, 1, 0, 0, 0, 0, 0, 1, 1, 1, 0, 
    0, 0, 0, 0, 0, 0, 0, 1, 1, 1 ],

    [ GF(2) | 1, 0, 0, 0, 0, 0, 0, 0, 0, 1, 0, 0, 0, 1, 1, 1, 0, 0, 1, 0, 0, 1, 
    1, 1, 0, 0, 0, 1, 1, 1, 1, 1 ],

    [ GF(2) | 1, 0, 0, 0, 0, 0, 0, 0, 0, 1, 0, 0, 1, 1, 1, 1, 0, 0, 1, 0, 1, 1, 
    1, 1, 0, 0, 0, 1, 0, 1, 1, 1 ],

    [ GF(2) | 1, 0, 0, 0, 0, 0, 0, 0, 0, 1, 1, 0, 0, 0, 0, 0, 0, 0, 0, 1, 0, 0, 
    1, 1, 0, 0, 0, 0, 1, 1, 1, 1 ],

    [ GF(2) | 1, 0, 0, 0, 0, 0, 0, 0, 0, 1, 0, 0, 1, 1, 1, 1, 0, 0, 1, 0, 1, 1, 
    1, 1, 0, 0, 0, 1, 1, 1, 0, 0 ],

    [ GF(2) | 1, 0, 0, 0, 0, 0, 0, 0, 0, 1, 0, 1, 0, 0, 1, 1, 0, 0, 1, 1, 0, 0, 
    1, 1, 0, 0, 0, 0, 1, 1, 1, 1 ],

    [ GF(2) | 1, 0, 0, 0, 0, 0, 0, 0, 0, 1, 0, 0, 1, 1, 0, 0, 0, 0, 1, 0, 1, 0, 
    1, 0, 0, 0, 0, 1, 0, 1, 1, 0 ],

    [ GF(2) | 1, 0, 0, 0, 0, 0, 0, 0, 0, 1, 0, 0, 0, 0, 1, 1, 0, 0, 1, 1, 0, 0, 
    1, 1, 0, 0, 0, 0, 1, 1, 1, 1 ],

    [ GF(2) | 1, 0, 0, 0, 0, 0, 0, 0, 0, 1, 0, 0, 1, 1, 0, 0, 0, 0, 1, 0, 0, 0, 
    1, 1, 0, 0, 0, 1, 1, 1, 1, 1 ],

    [ GF(2) | 1, 0, 0, 0, 0, 0, 0, 0, 0, 1, 0, 0, 1, 1, 0, 0, 0, 0, 1, 0, 1, 0, 
    1, 1, 0, 0, 0, 1, 0, 1, 1, 1 ],

    [ GF(2) | 1, 0, 0, 0, 0, 0, 0, 0, 0, 1, 0, 0, 1, 0, 1, 1, 0, 0, 1, 0, 1, 1, 
    0, 1, 0, 0, 0, 1, 1, 1, 1, 0 ],

    [ GF(2) | 1, 0, 0, 0, 1, 0, 0, 0, 0, 1, 0, 0, 1, 0, 0, 0, 0, 0, 1, 0, 1, 0, 
    0, 0, 0, 0, 0, 1, 1, 0, 0, 0 ],

    [ GF(2) | 1, 0, 0, 1, 0, 0, 0, 0, 0, 1, 0, 1, 0, 0, 0, 0, 0, 0, 1, 1, 0, 0, 
    0, 0, 0, 0, 0, 0, 1, 1, 0, 0 ],

    [ GF(2) | 1, 0, 0, 0, 1, 1, 0, 0, 0, 1, 0, 0, 1, 1, 0, 0, 0, 0, 1, 0, 1, 1, 
    0, 0, 0, 0, 0, 1, 1, 1, 0, 0 ],

    [ GF(2) | 1, 0, 0, 1, 0, 0, 0, 0, 0, 1, 0, 1, 0, 0, 0, 0, 0, 0, 1, 1, 0, 0, 
    0, 0, 0, 0, 0, 0, 1, 1, 1, 0 ],

    [ GF(2) | 1, 0, 0, 0, 1, 1, 1, 0, 0, 1, 0, 0, 1, 1, 1, 0, 0, 0, 1, 0, 1, 1, 
    1, 0, 0, 0, 0, 1, 1, 1, 1, 0 ],

    [ GF(2) | 1, 0, 0, 1, 0, 0, 0, 0, 0, 1, 0, 1, 0, 0, 0, 0, 0, 0, 1, 1, 0, 0, 
    0, 0, 0, 0, 0, 0, 1, 1, 1, 1 ],

    [ GF(2) | 1, 0, 0, 0, 1, 1, 1, 1, 0, 1, 0, 0, 1, 1, 1, 1, 0, 0, 1, 0, 1, 1, 
    1, 1, 0, 0, 0, 1, 1, 1, 1, 1 ],

    [ GF(2) | 1, 0, 1, 0, 0, 0, 0, 0, 0, 1, 1, 0, 0, 0, 0, 0, 0, 0, 0, 1, 0, 1, 
    0, 0, 0, 0, 0, 0, 1, 1, 0, 0 ],

    [ GF(2) | 1, 0, 0, 0, 1, 1, 0, 0, 0, 1, 0, 0, 1, 1, 0, 0, 0, 0, 1, 0, 1, 1, 
    0, 0, 0, 0, 0, 1, 1, 0, 0, 0 ],

    [ GF(2) | 1, 0, 1, 0, 0, 0, 0, 0, 0, 1, 1, 0, 0, 0, 0, 0, 0, 0, 0, 1, 1, 0, 
    0, 0, 0, 0, 0, 0, 0, 1, 1, 0 ],

    [ GF(2) | 1, 0, 0, 0, 0, 1, 1, 0, 0, 1, 0, 0, 0, 1, 1, 0, 0, 0, 1, 0, 0, 1, 
    1, 0, 0, 0, 0, 1, 1, 0, 0, 0 ],

    [ GF(2) | 1, 0, 1, 0, 0, 0, 0, 0, 0, 1, 1, 0, 0, 0, 0, 0, 0, 0, 0, 1, 0, 1, 
    1, 0, 0, 0, 0, 0, 1, 1, 1, 0 ],

    [ GF(2) | 1, 0, 0, 0, 1, 1, 1, 0, 0, 1, 0, 0, 1, 1, 1, 0, 0, 0, 1, 0, 1, 1, 
    1, 0, 0, 0, 0, 1, 1, 0, 0, 0 ],

    [ GF(2) | 1, 0, 1, 0, 0, 0, 0, 0, 0, 1, 1, 0, 0, 0, 0, 0, 0, 0, 0, 1, 1, 0, 
    0, 0, 0, 0, 0, 0, 0, 1, 1, 1 ],

    [ GF(2) | 1, 0, 0, 0, 0, 1, 1, 1, 0, 1, 0, 0, 0, 1, 1, 1, 0, 0, 1, 0, 0, 1, 
    1, 1, 0, 0, 0, 1, 1, 0, 0, 0 ],

    [ GF(2) | 1, 0, 1, 0, 0, 0, 0, 0, 0, 1, 1, 0, 0, 0, 0, 0, 0, 0, 0, 1, 0, 1, 
    1, 1, 0, 0, 0, 0, 1, 1, 1, 1 ],

    [ GF(2) | 1, 0, 0, 0, 1, 1, 1, 1, 0, 1, 0, 0, 1, 1, 1, 1, 0, 0, 1, 0, 1, 1, 
    1, 1, 0, 0, 0, 1, 1, 0, 0, 0 ],

    [ GF(2) | 1, 0, 0, 0, 0, 1, 1, 0, 0, 1, 0, 0, 0, 1, 1, 0, 0, 0, 1, 0, 0, 1, 
    1, 0, 0, 0, 0, 1, 1, 1, 1, 0 ],

    [ GF(2) | 1, 0, 0, 0, 1, 1, 1, 0, 0, 1, 0, 0, 1, 1, 1, 0, 0, 0, 1, 0, 1, 1, 
    1, 0, 0, 0, 0, 1, 0, 1, 1, 0 ],

    [ GF(2) | 1, 0, 0, 1, 1, 0, 0, 0, 0, 1, 0, 1, 1, 0, 0, 0, 0, 0, 1, 1, 1, 0, 
    0, 0, 0, 0, 0, 0, 0, 1, 1, 1 ],

    [ GF(2) | 1, 0, 0, 0, 0, 1, 1, 1, 0, 1, 0, 0, 0, 1, 1, 1, 0, 0, 1, 0, 0, 1, 
    1, 1, 0, 0, 0, 1, 1, 1, 1, 1 ],

    [ GF(2) | 1, 0, 0, 0, 1, 1, 1, 1, 0, 1, 0, 0, 1, 1, 1, 1, 0, 0, 1, 0, 1, 1, 
    1, 1, 0, 0, 0, 1, 0, 1, 1, 1 ],

    [ GF(2) | 1, 0, 1, 0, 0, 0, 0, 0, 0, 1, 1, 0, 0, 0, 0, 0, 0, 0, 0, 1, 0, 0, 
    1, 1, 0, 0, 0, 0, 1, 1, 1, 1 ],

    [ GF(2) | 1, 0, 0, 0, 1, 1, 1, 1, 0, 1, 0, 0, 1, 1, 1, 1, 0, 0, 1, 0, 1, 1, 
    1, 1, 0, 0, 0, 1, 1, 1, 0, 0 ],

    [ GF(2) | 1, 0, 0, 1, 0, 0, 1, 1, 0, 1, 0, 1, 0, 0, 1, 1, 0, 0, 1, 1, 0, 0, 
    1, 1, 0, 0, 0, 0, 1, 1, 1, 1 ],

    [ GF(2) | 1, 0, 0, 1, 0, 1, 0, 0, 0, 1, 0, 1, 0, 1, 0, 0, 0, 0, 1, 1, 0, 0, 
    0, 0, 0, 0, 0, 0, 1, 1, 0, 0 ],

    [ GF(2) | 1, 0, 0, 1, 1, 0, 0, 0, 0, 1, 0, 1, 1, 0, 0, 0, 0, 0, 1, 1, 0, 0, 
    0, 0, 0, 0, 0, 0, 0, 1, 1, 0 ],

    [ GF(2) | 1, 0, 0, 0, 0, 1, 1, 0, 0, 1, 0, 0, 0, 1, 1, 0, 0, 0, 1, 0, 1, 1, 
    1, 0, 0, 0, 0, 1, 1, 1, 1, 0 ],

    [ GF(2) | 1, 0, 0, 1, 0, 1, 1, 0, 0, 1, 0, 1, 0, 1, 1, 0, 0, 0, 1, 1, 0, 0, 
    0, 0, 0, 0, 0, 0, 1, 1, 1, 0 ],

    [ GF(2) | 1, 0, 0, 1, 1, 0, 0, 0, 0, 1, 0, 1, 1, 0, 0, 0, 0, 0, 1, 1, 0, 0, 
    0, 0, 0, 0, 0, 0, 0, 1, 1, 1 ],

    [ GF(2) | 1, 0, 0, 0, 0, 1, 1, 1, 0, 1, 0, 0, 0, 1, 1, 1, 0, 0, 1, 0, 1, 1, 
    1, 1, 0, 0, 0, 1, 1, 1, 1, 1 ],

    [ GF(2) | 1, 0, 0, 1, 0, 1, 1, 1, 0, 1, 0, 1, 0, 1, 1, 1, 0, 0, 1, 1, 0, 0, 
    0, 0, 0, 0, 0, 0, 1, 1, 1, 1 ],

    [ GF(2) | 1, 0, 0, 1, 0, 1, 1, 0, 0, 1, 0, 1, 0, 1, 1, 0, 0, 0, 1, 1, 0, 0, 
    0, 0, 0, 0, 0, 0, 1, 1, 0, 0 ],

    [ GF(2) | 1, 1, 0, 0, 0, 0, 0, 0, 0, 0, 1, 1, 0, 0, 0, 0, 0, 0, 0, 0, 1, 1, 
    0, 0, 0, 0, 0, 0, 0, 0, 1, 1 ],

    [ GF(2) | 1, 0, 0, 0, 0, 0, 1, 1, 0, 1, 0, 0, 0, 0, 1, 1, 0, 0, 1, 1, 0, 0, 
    0, 0, 0, 0, 0, 0, 1, 1, 0, 0 ],

    [ GF(2) | 1, 0, 0, 1, 0, 0, 1, 1, 0, 1, 0, 1, 0, 0, 1, 1, 0, 0, 1, 1, 0, 0, 
    0, 0, 0, 0, 0, 0, 1, 1, 0, 0 ],

    [ GF(2) | 1, 0, 0, 1, 0, 1, 1, 1, 0, 1, 0, 1, 0, 1, 1, 1, 0, 0, 1, 1, 0, 0, 
    0, 0, 0, 0, 0, 0, 1, 1, 0, 0 ],

    [ GF(2) | 1, 0, 0, 0, 1, 1, 0, 0, 0, 1, 0, 0, 1, 1, 0, 0, 0, 0, 1, 0, 1, 0, 
    1, 0, 0, 0, 0, 1, 1, 0, 1, 0 ],

    [ GF(2) | 1, 0, 0, 0, 0, 0, 1, 1, 0, 1, 0, 0, 0, 0, 1, 1, 0, 0, 1, 1, 0, 0, 
    0, 0, 0, 0, 0, 0, 1, 1, 1, 1 ],

    [ GF(2) | 1, 0, 0, 0, 1, 1, 0, 0, 0, 1, 0, 0, 1, 1, 0, 0, 0, 0, 1, 0, 0, 0, 
    1, 1, 0, 0, 0, 1, 0, 0, 1, 1 ],

    [ GF(2) | 1, 0, 0, 0, 1, 1, 0, 0, 0, 1, 0, 0, 1, 1, 0, 0, 0, 0, 1, 0, 1, 1, 
    1, 1, 0, 0, 0, 1, 1, 1, 1, 1 ],

    [ GF(2) | 1, 0, 0, 0, 0, 1, 1, 1, 0, 1, 0, 0, 0, 1, 1, 1, 0, 0, 1, 1, 0, 0, 
    0, 0, 0, 0, 0, 0, 1, 0, 1, 1 ],

    [ GF(2) | 1, 0, 0, 0, 1, 1, 0, 0, 0, 1, 0, 0, 1, 1, 0, 0, 0, 0, 1, 0, 1, 0, 
    1, 1, 0, 0, 0, 1, 1, 0, 1, 1 ],

    [ GF(2) | 1, 0, 0, 1, 0, 0, 1, 1, 0, 1, 0, 1, 0, 0, 1, 1, 0, 0, 1, 1, 0, 0, 
    0, 0, 0, 0, 0, 0, 1, 1, 1, 1 ],

    [ GF(2) | 1, 0, 0, 1, 0, 1, 1, 1, 0, 1, 0, 1, 0, 1, 1, 1, 0, 0, 1, 1, 0, 0, 
    0, 0, 0, 0, 0, 0, 1, 0, 1, 1 ],

    [ GF(2) | 1, 0, 0, 0, 1, 0, 1, 1, 0, 1, 0, 0, 1, 0, 1, 1, 0, 0, 1, 0, 0, 1, 
    1, 1, 0, 0, 0, 1, 0, 1, 1, 1 ],

    [ GF(2) | 1, 0, 0, 0, 1, 1, 0, 0, 0, 1, 0, 0, 1, 1, 0, 0, 0, 0, 1, 0, 1, 0, 
    1, 0, 0, 0, 0, 1, 0, 1, 1, 0 ],

    [ GF(2) | 1, 0, 0, 0, 0, 0, 1, 1, 0, 1, 0, 0, 0, 0, 1, 1, 0, 0, 1, 1, 0, 0, 
    1, 1, 0, 0, 0, 0, 1, 1, 1, 1 ],

    [ GF(2) | 1, 0, 0, 0, 1, 1, 0, 0, 0, 1, 0, 0, 1, 1, 0, 0, 0, 0, 1, 0, 0, 0, 
    1, 1, 0, 0, 0, 1, 1, 1, 1, 1 ],

    [ GF(2) | 1, 0, 0, 0, 1, 1, 0, 0, 0, 1, 0, 0, 1, 1, 0, 0, 0, 0, 1, 0, 1, 0, 
    1, 1, 0, 0, 0, 1, 0, 1, 1, 1 ],

    [ GF(2) | 1, 0, 0, 1, 0, 0, 1, 1, 0, 1, 0, 1, 0, 0, 1, 1, 0, 0, 1, 0, 0, 0, 
    1, 1, 0, 0, 0, 0, 1, 1, 1, 1 ],

    [ GF(2) | 1, 0, 0, 0, 1, 1, 1, 1, 0, 1, 0, 0, 1, 1, 1, 1, 0, 0, 1, 0, 1, 1, 
    0, 0, 0, 0, 0, 1, 0, 0, 1, 1 ],

    [ GF(2) | 1, 0, 0, 1, 0, 1, 1, 1, 0, 1, 0, 1, 0, 1, 1, 1, 0, 0, 1, 0, 0, 1, 
    1, 1, 0, 0, 0, 0, 1, 0, 1, 1 ],

    [ GF(2) | 1, 0, 0, 0, 1, 0, 1, 1, 0, 1, 0, 0, 1, 0, 1, 1, 0, 0, 1, 0, 1, 1, 
    0, 0, 0, 0, 0, 1, 0, 1, 1, 1 ],

    [ GF(2) | 1, 1, 0, 0, 0, 0, 0, 0, 0, 0, 1, 0, 0, 1, 1, 0, 0, 0, 0, 1, 0, 1, 
    0, 1, 0, 0, 0, 0, 1, 0, 1, 1 ],

    [ GF(2) | 1, 0, 0, 0, 1, 0, 1, 1, 0, 1, 0, 0, 1, 0, 1, 1, 0, 0, 1, 0, 0, 1, 
    1, 0, 0, 0, 0, 1, 1, 1, 1, 0 ],

    [ GF(2) | 1, 0, 0, 0, 1, 0, 1, 1, 0, 1, 0, 0, 1, 0, 1, 1, 0, 0, 1, 0, 1, 1, 
    0, 1, 0, 0, 0, 1, 1, 1, 1, 0 ],

    [ GF(2) | 1, 0, 0, 0, 0, 1, 1, 0, 0, 1, 0, 0, 1, 0, 1, 0, 0, 0, 1, 0, 1, 1, 
    0, 0, 0, 0, 0, 1, 1, 1, 1, 0 ],

    [ GF(2) | 1, 0, 0, 0, 0, 0, 1, 1, 0, 1, 0, 0, 1, 1, 1, 1, 0, 0, 1, 0, 1, 1, 
    0, 0, 0, 0, 0, 1, 1, 0, 1, 1 ],

    [ GF(2) | 1, 0, 0, 0, 0, 1, 1, 1, 0, 1, 0, 0, 1, 0, 1, 1, 0, 0, 1, 0, 1, 1, 
    0, 0, 0, 0, 0, 1, 1, 1, 1, 1 ],

    [ GF(2) | 1, 0, 0, 0, 0, 1, 1, 0, 0, 1, 0, 0, 1, 0, 1, 1, 0, 0, 1, 0, 1, 1, 
    0, 1, 0, 0, 0, 1, 1, 1, 1, 0 ],

    [ GF(2) | 1, 0, 0, 0, 1, 1, 0, 1, 0, 1, 0, 0, 0, 1, 1, 0, 0, 0, 1, 0, 1, 0, 
    1, 1, 0, 0, 0, 1, 0, 1, 0, 1 ],

    [ GF(2) | 1, 0, 0, 1, 0, 1, 1, 0, 0, 1, 0, 1, 0, 1, 0, 1, 0, 0, 1, 1, 0, 0, 
    1, 1, 0, 0, 0, 0, 1, 1, 1, 1 ]
]
